0   0.066124   0.311388  0.311132   0.311356 
1   0.113856   0.29522  0.295312   0.295612 
2   0.148228   0.283952  0.284104   0.283716 
3   0.172996   0.276452  0.275736   0.274816 
4   0.191676   0.270128  0.26934   0.268856 
5   0.20496   0.265996  0.264376   0.264668 
6   0.214168   0.263032  0.260832   0.261968 
7   0.222232   0.261124  0.257292   0.259352 
8   0.226944   0.26004  0.255276   0.25774 
9   0.230388   0.259568  0.25296   0.257084 
10   0.232896   0.25896  0.251336   0.256808 
11   0.234592   0.258576  0.2502   0.256632 
12   0.23482   0.258528  0.249784   0.256868 
13   0.236084   0.258252  0.248604   0.25706 
14   0.236892   0.257976  0.247664   0.257468 
15   0.237064   0.257608  0.246712   0.258616 
16   0.236936   0.257784  0.245764   0.259516 
17   0.237264   0.258076  0.245236   0.259424 
18   0.237852   0.25848  0.243728   0.25994 
19   0.237828   0.258724  0.243024   0.260424 
20   0.235932   0.25846  0.243136   0.262472 
21   0.235772   0.258292  0.242756   0.26318 
22   0.23572   0.257888  0.241804   0.264588 
23   0.234544   0.258444  0.241376   0.265636 
24   0.234572   0.257784  0.241012   0.266632 
25   0.233672   0.25722  0.240808   0.2683 
26   0.234884   0.256156  0.239744   0.269216 
27   0.234576   0.256028  0.238508   0.270888 
28   0.232756   0.255948  0.23834   0.272956 
29   0.232196   0.255448  0.23822   0.274136 
30   0.232304   0.255  0.237552   0.275144 
31   0.2319   0.253632  0.237732   0.276736 
32   0.230988   0.253124  0.237588   0.2783 
33   0.230636   0.252048  0.237916   0.2794 
34   0.230408   0.251268  0.23792   0.280404 
35   0.229788   0.250968  0.238048   0.281196 
36   0.229236   0.249744  0.238192   0.282828 
37   0.229416   0.248684  0.238204   0.283696 
38   0.228916   0.247784  0.238312   0.284988 
39   0.227464   0.24722  0.238924   0.286392 
40   0.227068   0.246076  0.23942   0.287436 
41   0.226   0.24514  0.239764   0.289096 
42   0.226308   0.243832  0.240076   0.289784 
43   0.22584   0.242364  0.241252   0.290544 
44   0.225564   0.240964  0.242076   0.291396 
45   0.225836   0.23896  0.243124   0.29208 
46   0.224232   0.23738  0.244452   0.293936 
47   0.2238   0.235372  0.245292   0.295536 
48   0.223512   0.233696  0.246676   0.296116 
49   0.223012   0.232324  0.248124   0.29654 
50   0.222764   0.23014  0.24956   0.297536 
51   0.221612   0.228888  0.251176   0.298324 
52   0.221004   0.227216  0.253216   0.298564 
53   0.220904   0.225396  0.255304   0.298396 
54   0.22058   0.223708  0.25674   0.298972 
55   0.21936   0.22292  0.258768   0.298952 
56   0.219048   0.221272  0.260908   0.298772 
57   0.216992   0.22056  0.263492   0.298956 
58   0.216672   0.219264  0.265368   0.298696 
59   0.216476   0.217504  0.267728   0.298292 
60   0.214908   0.216552  0.270316   0.298224 
61   0.214004   0.215136  0.273244   0.297616 
62   0.213168   0.214548  0.276104   0.29618 
63   0.212976   0.213268  0.27916   0.294596 
64   0.212592   0.212528  0.28152   0.29336 
65   0.211316   0.211628  0.284844   0.292212 
66   0.210204   0.211596  0.28758   0.29062 
67   0.20918   0.211068  0.290952   0.2888 
68   0.208268   0.210384  0.2944   0.286948 
69   0.207808   0.210092  0.298052   0.284048 
70   0.206944   0.209656  0.301788   0.281612 
71   0.206596   0.209916  0.304836   0.278652 
72   0.2062   0.209808  0.307764   0.276228 
73   0.203936   0.21056  0.31176   0.273744 
74   0.203324   0.211324  0.314824   0.270528 
75   0.202876   0.211492  0.317668   0.267964 
76   0.20242   0.212144  0.320388   0.265048 
77   0.202036   0.213148  0.322984   0.261832 
78   0.199416   0.214804  0.326152   0.259628 
79   0.198872   0.215764  0.328368   0.256996 
80   0.19732   0.216512  0.331248   0.25492 
81   0.196644   0.217748  0.333644   0.251964 
82   0.194544   0.21924  0.336544   0.249672 
83   0.194188   0.220516  0.33836   0.246936 
84   0.192628   0.221892  0.341304   0.244176 
85   0.191084   0.223612  0.343392   0.241912 
86   0.189984   0.225172  0.3456   0.239244 
87   0.189268   0.226708  0.347648   0.236376 
88   0.188452   0.22864  0.349656   0.233252 
89   0.187688   0.230816  0.351292   0.230204 
90   0.186216   0.233252  0.353052   0.22748 
91   0.185632   0.235544  0.354352   0.224472 
92   0.183464   0.238444  0.355536   0.222556 
93   0.183072   0.240512  0.356116   0.2203 
94   0.182156   0.243128  0.357076   0.21764 
95   0.180572   0.24598  0.358128   0.21532 
96   0.179396   0.249148  0.3579   0.213556 
97   0.178508   0.252404  0.3579   0.211188 
98   0.176832   0.256024  0.358164   0.20898 
99   0.176832   0.258604  0.358184   0.20638 
100   0.175924   0.2621  0.357792   0.204184 
101   0.175088   0.265384  0.3571   0.202428 
102   0.173864   0.269032  0.356632   0.200472 
103   0.172392   0.272876  0.356044   0.198688 
104   0.17196   0.276512  0.354516   0.197012 
105   0.170936   0.280408  0.35308   0.195576 
106   0.1703   0.284432  0.351176   0.194092 
107   0.168684   0.288292  0.349924   0.1931 
108   0.167192   0.29212  0.348172   0.192516 
109   0.1663   0.295292  0.34676   0.191648 
110   0.16582   0.298692  0.344464   0.191024 
111   0.164876   0.30302  0.342208   0.189896 
112   0.163788   0.306628  0.340308   0.189276 
113   0.162556   0.310992  0.337684   0.188768 
114   0.16218   0.314964  0.33454   0.188316 
115   0.1608   0.31862  0.331772   0.188808 
116   0.159356   0.322552  0.329612   0.18848 
117   0.158268   0.326712  0.326908   0.188112 
118   0.157748   0.330596  0.323728   0.187928 
119   0.157076   0.334488  0.32092   0.187516 
120   0.155864   0.338304  0.31786   0.187972 
121   0.154432   0.34256  0.314784   0.188224 
122   0.1536   0.346672  0.310828   0.1889 
123   0.15322   0.350196  0.30732   0.189264 
124   0.15318   0.353616  0.303188   0.190016 
125   0.151752   0.35716  0.300248   0.19084 
126   0.151052   0.360648  0.296632   0.191668 
127   0.150416   0.36388  0.293068   0.192636 
128   0.149232   0.367616  0.289924   0.193228 
129   0.148652   0.370512  0.286616   0.19422 
130   0.148328   0.37402  0.2827   0.194952 
131   0.1473   0.377684  0.278764   0.196252 
132   0.146548   0.381004  0.274732   0.197716 
133   0.146684   0.383672  0.271268   0.198376 
134   0.145976   0.38644  0.2677   0.199884 
135   0.144724   0.389244  0.26458   0.201452 
136   0.143832   0.392112  0.260988   0.203068 
137   0.142652   0.395236  0.257588   0.204524 
138   0.141804   0.398172  0.254088   0.205936 
139   0.140584   0.400844  0.250768   0.207804 
140   0.139932   0.403004  0.24748   0.209584 
141   0.138768   0.405336  0.244124   0.211772 
142   0.13778   0.407224  0.2411   0.213896 
143   0.13756   0.409004  0.237452   0.215984 
144   0.13642   0.410644  0.234524   0.218412 
145   0.136632   0.411784  0.230932   0.220652 
146   0.13568   0.413436  0.227904   0.22298 
147   0.134528   0.414968  0.22536   0.225144 
148   0.13446   0.415664  0.222128   0.227748 
149   0.133708   0.416672  0.21914   0.23048 
150   0.132592   0.41768  0.216136   0.233592 
151   0.1318   0.418432  0.213476   0.236292 
152   0.131056   0.419096  0.210536   0.239312 
153   0.130928   0.419188  0.207936   0.241948 
154   0.13034   0.419364  0.205196   0.2451 
155   0.129672   0.419504  0.202572   0.248252 
156   0.12856   0.420116  0.200112   0.251212 
157   0.129028   0.419564  0.197592   0.253816 
158   0.128396   0.418956  0.195572   0.257076 
159   0.12846   0.418356  0.193116   0.260068 
160   0.129092   0.417396  0.190572   0.26294 
161   0.128916   0.41656  0.188604   0.26592 
162   0.128876   0.415464  0.186636   0.269024 
163   0.128676   0.414188  0.18482   0.272316 
164   0.12732   0.413304  0.183296   0.27608 
165   0.127152   0.412032  0.181288   0.279528 
166   0.127244   0.410496  0.179532   0.282728 
167   0.12638   0.408976  0.17816   0.286484 
168   0.125784   0.407824  0.176584   0.289808 
169   0.125564   0.406376  0.174996   0.293064 
170   0.12438   0.404992  0.174292   0.296336 
171   0.124156   0.403028  0.172988   0.299828 
172   0.12412   0.400872  0.17186   0.303148 
173   0.124032   0.398724  0.17062   0.306624 
174   0.123484   0.396856  0.169712   0.309948 
175   0.123888   0.394536  0.16826   0.313316 
176   0.123432   0.391696  0.167688   0.317184 
177   0.122512   0.389696  0.167196   0.320596 
178   0.122504   0.38722  0.166396   0.32388 
179   0.121124   0.385156  0.166168   0.327552 
180   0.12064   0.382808  0.165544   0.331008 
181   0.12036   0.380448  0.1649   0.334292 
182   0.1206   0.37774  0.164288   0.337372 
183   0.120388   0.374884  0.163932   0.340796 
184   0.119512   0.372476  0.163608   0.344404 
185   0.11998   0.369532  0.163012   0.347476 
186   0.119696   0.366752  0.162668   0.350884 
187   0.119296   0.3637  0.162636   0.354368 
188   0.119132   0.360316  0.162692   0.35786 
189   0.119104   0.357016  0.162948   0.360932 
190   0.119092   0.353596  0.162832   0.36448 
191   0.118576   0.350688  0.162952   0.367784 
192   0.11784   0.347768  0.163436   0.370956 
193   0.117544   0.344352  0.163856   0.374248 
194   0.117192   0.341104  0.164136   0.377568 
195   0.116528   0.337752  0.164888   0.380832 
196   0.115612   0.334612  0.165476   0.3843 
197   0.11548   0.331092  0.166216   0.387212 
198   0.115132   0.32778  0.166872   0.390216 
199   0.11434   0.324664  0.167784   0.393212 
200   0.11402   0.320952  0.168708   0.39632 
201   0.114532   0.31724  0.16928   0.398948 
202   0.115036   0.3136  0.170236   0.401128 
203   0.1149   0.31008  0.171132   0.403888 
204   0.114812   0.306532  0.172092   0.406564 
205   0.114208   0.303092  0.1732   0.4095 
206   0.114096   0.299556  0.174396   0.411952 
207   0.114056   0.295696  0.175588   0.41466 
208   0.114272   0.291772  0.176824   0.417132 
209   0.113664   0.288544  0.178292   0.4195 
210   0.112948   0.28516  0.17982   0.422072 
211   0.114176   0.28114  0.180568   0.424116 
212   0.114176   0.277588  0.181828   0.426408 
213   0.11314   0.274164  0.183764   0.428932 
214   0.112984   0.270648  0.185224   0.431144 
215   0.112632   0.266952  0.186852   0.433564 
216   0.112032   0.263524  0.188596   0.435848 
217   0.111788   0.260304  0.190176   0.437732 
218   0.111408   0.256508  0.192124   0.43996 
219   0.111972   0.252704  0.193728   0.441596 
220   0.11218   0.24884  0.195508   0.443472 
221   0.111668   0.245904  0.197344   0.445084 
222   0.111112   0.242648  0.19926   0.44698 
223   0.110576   0.239212  0.201384   0.448828 
224   0.110148   0.235796  0.203424   0.450632 
225   0.109312   0.232736  0.2056   0.452352 
226   0.10958   0.229348  0.207248   0.453824 
227   0.108904   0.22626  0.209476   0.45536 
228   0.108468   0.222884  0.21152   0.457128 
229   0.10856   0.219624  0.21328   0.458536 
230   0.108444   0.216624  0.215388   0.459544 
231   0.108584   0.213828  0.217368   0.46022 
232   0.108232   0.211032  0.219876   0.46086 
233   0.108384   0.208228  0.221972   0.461416 
234   0.108656   0.205636  0.22376   0.461948 
235   0.108116   0.202932  0.226176   0.462776 
236   0.108088   0.200196  0.228508   0.463208 
237   0.10816   0.1977  0.230624   0.463516 
238   0.107892   0.19538  0.232832   0.463896 
239   0.107488   0.193192  0.235348   0.463972 
240   0.107412   0.190836  0.23774   0.464012 
241   0.10674   0.188452  0.240036   0.464772 
242   0.106512   0.186244  0.24282   0.464424 
243   0.106136   0.183676  0.245844   0.464344 
244   0.106016   0.181296  0.248456   0.464232 
245   0.10628   0.17908  0.250988   0.463652 
246   0.106152   0.177016  0.25334   0.463492 
247   0.106396   0.174892  0.255996   0.462716 
248   0.106808   0.172772  0.258512   0.461908 
249   0.105996   0.170424  0.261624   0.461956 
250   0.106256   0.168292  0.264084   0.461368 
251   0.106168   0.166196  0.26676   0.460876 
252   0.106216   0.1645  0.269376   0.459908 
253   0.105812   0.162524  0.27224   0.459424 
254   0.106556   0.160616  0.274664   0.458164 
255   0.106876   0.15874  0.277276   0.457108 
256   0.10662   0.157032  0.28026   0.456088 
257   0.105916   0.155544  0.28338   0.45516 
258   0.105444   0.154044  0.286032   0.45448 
259   0.105068   0.152684  0.289128   0.45312 
260   0.104168   0.151424  0.291712   0.452696 
261   0.104108   0.15028  0.294068   0.451544 
262   0.103964   0.149012  0.296648   0.450376 
263   0.103756   0.147828  0.299468   0.448948 
264   0.104428   0.1465  0.301816   0.447256 
265   0.103772   0.145352  0.304968   0.445908 
266   0.104296   0.144228  0.307316   0.44416 
267   0.10432   0.143292  0.309748   0.44264 
268   0.103616   0.142616  0.312248   0.44152 
269   0.102972   0.14224  0.3145   0.440288 
270   0.102488   0.141512  0.317292   0.438708 
271   0.102652   0.141096  0.319704   0.436548 
272   0.10234   0.140732  0.32244   0.434488 
273   0.102732   0.140604  0.324744   0.43192 
274   0.102392   0.140236  0.326916   0.430456 
275   0.101912   0.140144  0.329584   0.42836 
276   0.102104   0.139744  0.332056   0.426096 
277   0.102672   0.139492  0.33446   0.423376 
278   0.102856   0.139192  0.337064   0.420888 
279   0.102944   0.138992  0.33952   0.418544 
280   0.102612   0.13874  0.342632   0.416016 
281   0.103084   0.138892  0.3449   0.413124 
282   0.102412   0.139292  0.347708   0.410588 
283   0.101844   0.139572  0.350112   0.408472 
284   0.101956   0.139548  0.3527   0.405796 
285   0.101368   0.140016  0.355236   0.40338 
286   0.101272   0.140724  0.357868   0.400136 
287   0.100916   0.141248  0.36052   0.397316 
288   0.100828   0.14186  0.36304   0.394272 
289   0.101132   0.142596  0.365412   0.39086 
290   0.101132   0.143288  0.367832   0.387748 
291   0.100904   0.1444  0.369916   0.38478 
292   0.101156   0.145088  0.372224   0.381532 
293   0.101012   0.146376  0.374768   0.377844 
294   0.101604   0.147324  0.37674   0.374332 
295   0.100748   0.148628  0.379232   0.371392 
296   0.100552   0.150008  0.381584   0.367856 
297   0.100904   0.1509  0.384012   0.364184 
298   0.101088   0.151968  0.38622   0.360724 
299   0.10094   0.153484  0.38856   0.357016 
300   0.100984   0.154668  0.39106   0.353288 
301   0.100688   0.155732  0.393576   0.350004 
302   0.100876   0.15716  0.395452   0.346512 
303   0.100596   0.158808  0.397364   0.343232 
304   0.100352   0.160104  0.399488   0.340056 
305   0.100456   0.161268  0.40162   0.336656 
306   0.10056   0.162632  0.40332   0.333488 
307   0.100656   0.1645  0.405168   0.329676 
308   0.100856   0.16634  0.406976   0.325828 
309   0.101124   0.167928  0.40886   0.322088 
310   0.101508   0.169468  0.410204   0.31882 
311   0.101908   0.171004  0.412048   0.31504 
312   0.102272   0.172572  0.413844   0.311312 
313   0.102936   0.173832  0.415368   0.307864 
314   0.103408   0.175324  0.417284   0.303984 
315   0.103156   0.177012  0.418784   0.301048 
316   0.103032   0.178584  0.420484   0.2979 
317   0.102876   0.180268  0.422464   0.294392 
318   0.103272   0.18164  0.424012   0.291076 
319   0.103768   0.183212  0.425552   0.287468 
320   0.103488   0.18508  0.426788   0.284644 
321   0.103804   0.186704  0.42854   0.280952 
322   0.103248   0.188388  0.430728   0.277636 
323   0.10324   0.189944  0.432   0.274816 
324   0.103176   0.191788  0.433444   0.271592 
325   0.10348   0.193512  0.434764   0.268244 
326   0.103196   0.195096  0.43614   0.265568 
327   0.102624   0.196692  0.43796   0.262724 
328   0.102876   0.198372  0.439468   0.259284 
329   0.10312   0.200412  0.440132   0.256336 
330   0.102376   0.202236  0.441932   0.253456 
331   0.102772   0.203736  0.442984   0.250508 
332   0.102268   0.205824  0.444332   0.247576 
333   0.102548   0.20762  0.444988   0.244844 
334   0.103568   0.209676  0.445588   0.241168 
335   0.103884   0.211748  0.44618   0.238188 
336   0.103668   0.213724  0.446924   0.235684 
337   0.103428   0.215924  0.447376   0.233272 
338   0.104004   0.217904  0.44776   0.230332 
339   0.104092   0.220172  0.447712   0.228024 
340   0.103224   0.222652  0.448264   0.22586 
341   0.102684   0.22512  0.448568   0.223628 
342   0.102224   0.227316  0.449056   0.221404 
343   0.102048   0.22942  0.449132   0.2194 
344   0.102544   0.231424  0.449076   0.216956 
345   0.102692   0.233592  0.448732   0.214984 
346   0.102928   0.235668  0.4491   0.212304 
347   0.102184   0.237924  0.449316   0.210576 
348   0.102188   0.240156  0.448864   0.208792 
349   0.10258   0.242144  0.448232   0.207044 
350   0.102448   0.244312  0.448072   0.205168 
351   0.102264   0.246592  0.4476   0.203544 
352   0.102184   0.248992  0.44686   0.201964 
353   0.102484   0.251128  0.446024   0.200364 
354   0.102076   0.253412  0.445304   0.199208 
355   0.102236   0.25592  0.444248   0.197596 
356   0.101592   0.25856  0.443416   0.196432 
357   0.101364   0.2608  0.442572   0.195264 
358   0.101568   0.26272  0.441612   0.1941 
359   0.101348   0.264816  0.440576   0.19326 
360   0.101772   0.266936  0.439176   0.192116 
361   0.101412   0.269412  0.437768   0.191408 
362   0.10132   0.271984  0.43648   0.190216 
363   0.101188   0.274216  0.435216   0.18938 
364   0.101768   0.276476  0.43334   0.188416 
365   0.101348   0.27904  0.43204   0.187572 
366   0.100508   0.281732  0.431164   0.186596 
367   0.100236   0.28464  0.429412   0.185712 
368   0.099772   0.287412  0.428044   0.184772 
369   0.099768   0.2897  0.426456   0.184076 
370   0.0999   0.292104  0.42462   0.183376 
371   0.099728   0.294632  0.42298   0.18266 
372   0.100068   0.2969  0.421316   0.181716 
373   0.099776   0.299716  0.419164   0.181344 
374   0.099348   0.302512  0.41726   0.18088 
375   0.099156   0.304708  0.415348   0.180788 
376   0.098508   0.307716  0.413176   0.1806 
377   0.098308   0.310088  0.410884   0.18072 
378   0.098752   0.312396  0.408568   0.180284 
379   0.098568   0.314764  0.406512   0.180156 
380   0.098676   0.317612  0.404136   0.179576 
381   0.098828   0.32034  0.4015   0.179332 
382   0.098488   0.322928  0.399184   0.1794 
383   0.09764   0.325416  0.397204   0.17974 
384   0.09762   0.32768  0.39462   0.18008 
385   0.09806   0.329956  0.392128   0.179856 
386   0.09734   0.332564  0.389788   0.180308 
387   0.09744   0.334512  0.387336   0.180712 
388   0.097448   0.336652  0.384712   0.181188 
389   0.0981   0.338444  0.382324   0.181132 
390   0.09784   0.340596  0.379776   0.181788 
391   0.097608   0.343172  0.377124   0.182096 
392   0.097884   0.345508  0.374416   0.182192 
393   0.098456   0.347376  0.371544   0.182624 
394   0.099104   0.34914  0.36868   0.183076 
395   0.099612   0.351156  0.365632   0.1836 
396   0.099668   0.353232  0.362588   0.184512 
397   0.099528   0.355124  0.360176   0.185172 
398   0.099676   0.357052  0.357412   0.18586 
399   0.099404   0.359036  0.354852   0.186708 
400   0.09986   0.360452  0.352412   0.187276 
401   0.099568   0.362688  0.349484   0.18826 
402   0.099716   0.364592  0.346716   0.188976 
403   0.099984   0.36652  0.343584   0.189912 
404   0.099808   0.368108  0.341336   0.190748 
405   0.100032   0.36932  0.338964   0.191684 
406   0.100136   0.37102  0.336272   0.192572 
407   0.09972   0.37278  0.333872   0.193628 
408   0.100484   0.374208  0.331056   0.194252 
409   0.09988   0.376404  0.328596   0.19512 
410   0.099948   0.378368  0.325932   0.195752 
411   0.098984   0.379692  0.32386   0.197464 
412   0.099388   0.380624  0.321432   0.198556 
413   0.10042   0.38176  0.3187   0.19912 
414   0.100664   0.383012  0.316364   0.19996 
415   0.101008   0.384436  0.31348   0.201076 
416   0.101316   0.3857  0.310936   0.202048 
417   0.10138   0.386732  0.308648   0.20324 
418   0.101064   0.387504  0.30692   0.204512 
419   0.100484   0.388556  0.304948   0.206012 
420   0.101044   0.38916  0.302728   0.207068 
421   0.100612   0.390156  0.300728   0.208504 
422   0.101148   0.390688  0.29846   0.209704 
423   0.100944   0.391276  0.296676   0.211104 
424   0.101476   0.391736  0.29428   0.212508 
425   0.101712   0.392328  0.29172   0.21424 
426   0.10288   0.392668  0.28926   0.215192 
427   0.103092   0.393448  0.28714   0.21632 
428   0.102928   0.394112  0.28524   0.21772 
429   0.102824   0.394532  0.283776   0.218868 
430   0.102976   0.394984  0.281836   0.220204 
431   0.103592   0.395528  0.279664   0.221216 
432   0.104172   0.39566  0.277564   0.222604 
433   0.103996   0.395812  0.27576   0.224432 
434   0.10364   0.39618  0.274212   0.225968 
435   0.104028   0.396272  0.272224   0.227476 
436   0.103956   0.39676  0.27026   0.229024 
437   0.103484   0.396892  0.268896   0.230728 
438   0.10398   0.396212  0.267384   0.232424 
439   0.10342   0.39606  0.26608   0.23444 
440   0.103344   0.396052  0.264496   0.236108 
441   0.103884   0.395464  0.262972   0.23768 
442   0.104216   0.394804  0.261664   0.239316 
443   0.10424   0.394368  0.260176   0.241216 
444   0.103876   0.394028  0.258924   0.243172 
445   0.103304   0.393728  0.258   0.244968 
446   0.103428   0.39266  0.256876   0.247036 
447   0.103392   0.392052  0.255568   0.248988 
448   0.102764   0.391812  0.254312   0.251112 
449   0.102608   0.390976  0.253348   0.253068 
450   0.103552   0.389564  0.251816   0.255068 
451   0.103776   0.388396  0.250788   0.25704 
452   0.103308   0.387808  0.249804   0.25908 
453   0.103432   0.3864  0.248984   0.261184 
454   0.103176   0.385728  0.247816   0.26328 
455   0.102584   0.384752  0.246924   0.26574 
456   0.102404   0.383936  0.24572   0.26794 
457   0.102272   0.382772  0.24492   0.270036 
458   0.101996   0.381488  0.243872   0.272644 
459   0.101892   0.380696  0.242596   0.274816 
460   0.10196   0.37948  0.241392   0.277168 
461   0.101688   0.378024  0.240884   0.279404 
462   0.101252   0.376732  0.239984   0.282032 
463   0.101804   0.37488  0.239048   0.284268 
464   0.101472   0.37348  0.237976   0.287072 
465   0.10112   0.372016  0.237548   0.289316 
466   0.101532   0.370164  0.236936   0.291368 
467   0.101396   0.368824  0.236248   0.293532 
468   0.101472   0.366956  0.235652   0.29592 
469   0.101836   0.365176  0.234888   0.2981 
470   0.102396   0.363104  0.234432   0.300068 
471   0.102244   0.361184  0.234036   0.302536 
472   0.102224   0.358744  0.234108   0.304924 
473   0.102836   0.357108  0.233404   0.306652 
474   0.102728   0.355276  0.232904   0.309092 
475   0.102408   0.353616  0.23254   0.311436 
476   0.10206   0.35244  0.232084   0.313416 
477   0.102508   0.350664  0.23144   0.315388 
478   0.1016   0.349676  0.231224   0.3175 
479   0.102096   0.347908  0.230732   0.319264 
480   0.101988   0.346388  0.230444   0.32118 
481   0.101556   0.344812  0.230596   0.323036 
482   0.101032   0.343164  0.2305   0.325304 
483   0.101632   0.34118  0.23044   0.326748 
484   0.102204   0.339024  0.23028   0.328492 
485   0.101984   0.337492  0.230444   0.33008 
486   0.102704   0.33536  0.230716   0.33122 
487   0.103092   0.333312  0.231   0.332596 
488   0.102184   0.332028  0.230916   0.334872 
489   0.101964   0.330288  0.231108   0.33664 
490   0.102072   0.328776  0.230856   0.338296 
491   0.10204   0.327044  0.231108   0.339808 
492   0.102452   0.325216  0.2312   0.341132 
493   0.10232   0.3236  0.231728   0.342352 
494   0.102444   0.321592  0.2324   0.343564 
495   0.102664   0.3197  0.232712   0.344924 
496   0.102172   0.317792  0.233584   0.346452 
497   0.101508   0.316148  0.234572   0.347772 
498   0.100744   0.3144  0.235008   0.349848 
499   0.100476   0.312716  0.235736   0.351072 
500   0.10074   0.310988  0.236044   0.352228 
501   0.100976   0.309352  0.236764   0.352908 
502   0.100732   0.30788  0.237584   0.353804 
503   0.100964   0.306368  0.238096   0.354572 
504   0.101444   0.304988  0.238364   0.355204 
505   0.101928   0.303352  0.239164   0.355556 
506   0.101676   0.301688  0.239968   0.356668 
507   0.101856   0.300028  0.240432   0.357684 
508   0.101596   0.298452  0.241196   0.358756 
509   0.101936   0.296992  0.241836   0.359236 
510   0.102168   0.295076  0.242752   0.360004 
511   0.101808   0.293476  0.244016   0.3607 
512   0.101704   0.292264  0.244872   0.36116 
513   0.101672   0.290972  0.245808   0.361548 
514   0.101728   0.289784  0.246604   0.361884 
515   0.102408   0.288144  0.247624   0.361824 
516   0.10246   0.286504  0.248612   0.362424 
517   0.102288   0.285216  0.249948   0.362548 
518   0.101404   0.2841  0.251044   0.363452 
519   0.101756   0.28258  0.251952   0.363712 
520   0.101876   0.281048  0.253204   0.363872 
521   0.102012   0.280192  0.254316   0.36348 
522   0.102656   0.278856  0.255124   0.363364 
523   0.102676   0.277896  0.256268   0.36316 
524   0.102132   0.276928  0.257292   0.363648 
525   0.102116   0.275852  0.258468   0.363564 
526   0.1019   0.27462  0.259588   0.363892 
527   0.101608   0.273856  0.260928   0.363608 
528   0.102176   0.272576  0.26196   0.363288 
529   0.102348   0.271276  0.263392   0.362984 
530   0.102968   0.270252  0.264276   0.362504 
531   0.10266   0.269404  0.265628   0.362308 
532   0.102632   0.269088  0.266692   0.361588 
533   0.103124   0.268084  0.26788   0.360912 
534   0.10298   0.267028  0.269104   0.360888 
535   0.103512   0.265756  0.27028   0.360452 
536   0.10306   0.264832  0.272256   0.359852 
537   0.1026   0.263896  0.274036   0.359468 
538   0.102772   0.263096  0.27516   0.358972 
539   0.102016   0.262688  0.276516   0.35878 
540   0.101824   0.262128  0.27804   0.358008 
541   0.102256   0.261012  0.279448   0.357284 
542   0.101824   0.260352  0.280872   0.356952 
543   0.101788   0.259316  0.282372   0.356524 
544   0.102396   0.258364  0.28356   0.35568 
545   0.102268   0.258028  0.284672   0.355032 
546   0.101928   0.257332  0.286172   0.354568 
547   0.101856   0.256396  0.287536   0.354212 
548   0.101784   0.25578  0.289124   0.353312 
549   0.101708   0.254724  0.290956   0.352612 
550   0.100548   0.254196  0.292692   0.352564 
551   0.100896   0.25318  0.29414   0.351784 
552   0.101588   0.252316  0.295604   0.350492 
553   0.10154   0.251572  0.29672   0.350168 
554   0.101124   0.25118  0.298   0.349696 
555   0.101596   0.250372  0.299376   0.348656 
556   0.101712   0.24962  0.300832   0.347836 
557   0.10192   0.24916  0.301876   0.347044 
558   0.10188   0.248424  0.30312   0.346576 
559   0.101804   0.247604  0.304804   0.345788 
560   0.102088   0.246992  0.305976   0.344944 
561   0.10186   0.24626  0.307384   0.344496 
562   0.101528   0.245376  0.308636   0.34446 
563   0.101284   0.244932  0.30976   0.344024 
564   0.1013   0.244332  0.310832   0.343536 
565   0.102028   0.243388  0.311756   0.342828 
566   0.102076   0.242432  0.312712   0.34278 
567   0.10204   0.241828  0.313904   0.342228 
568   0.102192   0.241244  0.314792   0.341772 
569   0.102424   0.240828  0.315908   0.34084 
570   0.102136   0.24006  0.317124   0.34068 
571   0.102284   0.239816  0.317644   0.340256 
572   0.101988   0.239472  0.318564   0.339976 
573   0.10184   0.239  0.319572   0.339588 
574   0.102068   0.238936  0.320056   0.33894 
575   0.101888   0.238464  0.321064   0.338584 
576   0.102132   0.237812  0.32174   0.338316 
577   0.101876   0.237392  0.322584   0.338148 
578   0.101328   0.237452  0.323508   0.337712 
579   0.10162   0.237028  0.32442   0.336932 
580   0.10304   0.236608  0.324412   0.33594 
581   0.102704   0.236448  0.32504   0.335808 
582   0.102016   0.236908  0.325536   0.33554 
583   0.102224   0.236624  0.325892   0.33526 
584   0.101316   0.236724  0.32702   0.33494 
585   0.101256   0.23648  0.327392   0.334872 
586   0.101136   0.236296  0.327872   0.334696 
587   0.101944   0.235872  0.32824   0.333944 
588   0.101556   0.235788  0.3283   0.334356 
589   0.101484   0.235508  0.328804   0.334204 
590   0.102292   0.23524  0.328788   0.33368 
591   0.101828   0.235776  0.328832   0.333564 
592   0.101756   0.235832  0.328944   0.333468 
593   0.101652   0.235836  0.329156   0.333356 
594   0.101728   0.235868  0.329348   0.333056 
595   0.101252   0.236088  0.329504   0.333156 
596   0.100956   0.236244  0.329392   0.333408 
597   0.101124   0.236184  0.329316   0.333376 
598   0.100324   0.23652  0.32936   0.333796 
599   0.10046   0.236684  0.329396   0.33346 
600   0.100568   0.237016  0.329104   0.333312 
601   0.100524   0.23714  0.328956   0.33338 
602   0.101076   0.237272  0.328584   0.333068 
603   0.10138   0.237464  0.328536   0.33262 
604   0.10156   0.237328  0.328352   0.33276 
605   0.10122   0.237332  0.328588   0.33286 
606   0.101636   0.237556  0.328248   0.33256 
607   0.101752   0.23794  0.328116   0.332192 
608   0.101112   0.23828  0.328272   0.332336 
609   0.101344   0.238588  0.327964   0.332104 
610   0.100648   0.2392  0.32812   0.332032 
611   0.100312   0.239756  0.328008   0.331924 
612   0.101152   0.240196  0.327176   0.331476 
613   0.101556   0.24044  0.326824   0.33118 
614   0.10172   0.240688  0.326768   0.330824 
615   0.101092   0.241048  0.326412   0.331448 
616   0.101596   0.241424  0.325904   0.331076 
617   0.10136   0.24212  0.325456   0.331064 
618   0.101376   0.242384  0.325376   0.330864 
619   0.10168   0.242912  0.324484   0.330924 
620   0.102276   0.242972  0.324148   0.330604 
621   0.102024   0.243484  0.324176   0.330316 
622   0.102488   0.243624  0.32362   0.330268 
623   0.102252   0.244064  0.323492   0.330192 
624   0.101728   0.244472  0.323336   0.330464 
625   0.102536   0.244312  0.322824   0.330328 
626   0.101916   0.244824  0.32262   0.33064 
627   0.1016   0.245412  0.322288   0.3307 
628   0.101448   0.245992  0.321888   0.330672 
629   0.101428   0.246012  0.321908   0.330652 
630   0.100924   0.2466  0.321768   0.330708 
631   0.101344   0.247044  0.320872   0.33074 
632   0.10144   0.247916  0.320504   0.33014 
633   0.101816   0.248416  0.319836   0.329932 
634   0.10172   0.248792  0.319616   0.329872 
635   0.101932   0.249184  0.31928   0.329604 
636   0.101888   0.24986  0.318848   0.329404 
637   0.101404   0.2501  0.319152   0.329344 
638   0.101504   0.250632  0.319   0.328864 
639   0.101208   0.251116  0.319012   0.328664 
640   0.101844   0.251384  0.318648   0.328124 
641   0.101524   0.251736  0.31856   0.32818 
642   0.101236   0.252196  0.318536   0.328032 
643   0.101308   0.25254  0.318452   0.3277 
644   0.101212   0.252684  0.318744   0.32736 
645   0.101024   0.253364  0.31852   0.327092 
646   0.101384   0.253672  0.3184   0.326544 
647   0.10086   0.254072  0.3184   0.326668 
648   0.10048   0.254512  0.318448   0.32656 
649   0.100664   0.254628  0.318352   0.326356 
650   0.100732   0.2547  0.318372   0.326196 
651   0.100288   0.254924  0.318484   0.326304 
652   0.099976   0.255344  0.318836   0.325844 
653   0.100404   0.255104  0.31852   0.325972 
654   0.100836   0.255236  0.318452   0.325476 
655   0.10116   0.255088  0.31848   0.325272 
656   0.1018   0.25496  0.318572   0.324668 
657   0.102252   0.254684  0.318728   0.324336 
658   0.102008   0.254964  0.318896   0.324132 
659   0.101888   0.255188  0.318704   0.32422 
660   0.102208   0.254724  0.319168   0.3239 
661   0.10154   0.255224  0.319136   0.3241 
662   0.101652   0.255004  0.319568   0.323776 
663   0.101448   0.25492  0.319956   0.323676 
664   0.10134   0.25504  0.319956   0.323664 
665   0.101404   0.254836  0.319992   0.323768 
666   0.100992   0.254976  0.320224   0.323808 
667   0.101268   0.254988  0.319964   0.32378 
668   0.101492   0.25468  0.320028   0.3238 
669   0.101968   0.25446  0.320016   0.323556 
670   0.101456   0.254092  0.320424   0.324028 
671   0.101616   0.254024  0.320436   0.323924 
672   0.101468   0.254052  0.320684   0.323796 
673   0.101556   0.25366  0.320776   0.324008 
674   0.102316   0.252992  0.320676   0.324016 
675   0.101864   0.252788  0.321132   0.324216 
676   0.101188   0.25246  0.321908   0.324444 
677   0.101488   0.25182  0.322232   0.32446 
678   0.101008   0.251384  0.32278   0.324828 
679   0.101408   0.250628  0.32308   0.324884 
680   0.10174   0.250092  0.323304   0.324864 
681   0.10188   0.249204  0.324148   0.324768 
682   0.102244   0.2483  0.324764   0.324692 
683   0.102304   0.24766  0.325096   0.32494 
684   0.102152   0.246912  0.3257   0.325236 
685   0.102884   0.245916  0.325952   0.325248 
686   0.102792   0.245652  0.32618   0.325376 
687   0.103716   0.244556  0.32654   0.325188 
688   0.103112   0.244072  0.327044   0.325772 
689   0.102756   0.243212  0.328076   0.325956 
690   0.10284   0.24208  0.328904   0.326176 
691   0.102064   0.2422  0.329304   0.326432 
692   0.102072   0.241764  0.329452   0.326712 
693   0.1019   0.241724  0.3297   0.326676 
694   0.101664   0.24134  0.330408   0.326588 
695   0.10246   0.240804  0.3306   0.326136 
696   0.10194   0.240604  0.331548   0.325908 
697   0.101292   0.240376  0.332192   0.32614 
698   0.102328   0.23964  0.332284   0.325748 
699   0.10172   0.238872  0.333568   0.32584 
700   0.101808   0.238292  0.334164   0.325736 
701   0.101784   0.23778  0.334488   0.325948 
702   0.10142   0.237484  0.334952   0.326144 
703   0.101244   0.237088  0.335408   0.32626 
704   0.101396   0.236316  0.335976   0.326312 
705   0.101348   0.235704  0.336296   0.326652 
706   0.101136   0.235204  0.33674   0.32692 
707   0.102012   0.234408  0.337016   0.326564 
708   0.102312   0.23392  0.33748   0.326288 
709   0.102384   0.233508  0.337776   0.326332 
710   0.102808   0.23288  0.33804   0.326272 
711   0.102768   0.232304  0.338612   0.326316 
712   0.102344   0.2321  0.33922   0.326336 
713   0.102172   0.231788  0.33966   0.32638 
714   0.101924   0.231252  0.340412   0.326412 
715   0.101664   0.231212  0.3409   0.326224 
716   0.101888   0.230556  0.341668   0.325888 
717   0.101444   0.230388  0.342384   0.325784 
718   0.101648   0.230028  0.342616   0.325708 
719   0.101056   0.230108  0.343304   0.325532 
720   0.101488   0.22964  0.34348   0.325392 
721   0.101164   0.22938  0.344284   0.325172 
722   0.101164   0.229344  0.344704   0.324788 
723   0.101496   0.228536  0.345256   0.324712 
724   0.102612   0.22812  0.345208   0.32406 
725   0.102048   0.22838  0.345308   0.324264 
726   0.102176   0.228016  0.345716   0.324092 
727   0.101736   0.227924  0.346588   0.323752 
728   0.101496   0.22788  0.347016   0.323608 
729   0.101144   0.228024  0.347508   0.323324 
730   0.101608   0.227748  0.348032   0.322612 
731   0.1007   0.228212  0.348652   0.322436 
732   0.101088   0.227932  0.34904   0.32194 
733   0.101064   0.227836  0.349616   0.321484 
734   0.100832   0.228308  0.350172   0.320688 
735   0.10094   0.228216  0.351216   0.319628 
736   0.101548   0.228164  0.351672   0.318616 
737   0.101308   0.228088  0.352392   0.318212 
738   0.101716   0.228164  0.352712   0.317408 
739   0.101316   0.228384  0.353432   0.316868 
740   0.102256   0.227992  0.354244   0.315508 
741   0.101804   0.228136  0.355136   0.314924 
742   0.101756   0.228524  0.355492   0.314228 
743   0.102312   0.228452  0.35634   0.312896 
744   0.102696   0.22842  0.357024   0.31186 
745   0.102156   0.228756  0.357808   0.31128 
746   0.102036   0.22898  0.358636   0.310348 
747   0.102812   0.229328  0.359144   0.308716 
748   0.1025   0.229924  0.359744   0.307832 
749   0.103116   0.230064  0.360596   0.306224 
750   0.103284   0.230812  0.361132   0.304772 
751   0.102416   0.231288  0.362308   0.303988 
752   0.102512   0.23178  0.3631   0.302608 
753   0.102752   0.232308  0.364   0.30094 
754   0.102424   0.233004  0.364728   0.299844 
755   0.102508   0.233352  0.36532   0.29882 
756   0.102512   0.233868  0.366   0.29762 
757   0.102344   0.234668  0.366796   0.296192 
758   0.102192   0.235096  0.36762   0.295092 
759   0.102724   0.23544  0.368516   0.29332 
760   0.103252   0.23558  0.369172   0.291996 
761   0.103084   0.23598  0.370016   0.29092 
762   0.102436   0.237  0.370908   0.289656 
763   0.103212   0.23738  0.371164   0.288244 
764   0.103888   0.237792  0.371344   0.286976 
765   0.10462   0.23818  0.371868   0.285332 
766   0.104848   0.2386  0.37268   0.283872 
767   0.104496   0.239596  0.373488   0.28242 
768   0.104724   0.240224  0.374236   0.280816 
769   0.104772   0.240764  0.374812   0.279652 
770   0.104508   0.241656  0.37538   0.278456 
771   0.104268   0.242392  0.37602   0.27732 
772   0.1044   0.243284  0.376252   0.276064 
773   0.104556   0.244088  0.3767   0.274656 
774   0.104788   0.244652  0.377244   0.273316 
775   0.10492   0.245168  0.377892   0.27202 
776   0.104376   0.245884  0.378436   0.271304 
777   0.104464   0.246512  0.37916   0.269864 
778   0.105316   0.246716  0.379248   0.26872 
779   0.10502   0.247328  0.37956   0.268092 
780   0.105256   0.247892  0.380016   0.266836 
781   0.105132   0.248588  0.380168   0.266112 
782   0.104544   0.24932  0.38106   0.265076 
783   0.105176   0.24938  0.381492   0.263952 
784   0.104912   0.250196  0.38172   0.263172 
785   0.104692   0.250668  0.382464   0.262176 
786   0.10484   0.251244  0.382912   0.261004 
787   0.104632   0.25172  0.38332   0.260328 
788   0.10514   0.252212  0.383152   0.259496 
789   0.105268   0.252924  0.383348   0.25846 
790   0.105388   0.2531  0.383452   0.25806 
791   0.105856   0.253432  0.3834   0.257312 
792   0.105128   0.254428  0.38378   0.256664 
793   0.104456   0.255644  0.384152   0.255748 
794   0.10458   0.256424  0.384356   0.25464 
795   0.104432   0.257144  0.384608   0.253816 
796   0.10404   0.257592  0.385108   0.25326 
797   0.103256   0.258676  0.385776   0.252292 
798   0.104116   0.258792  0.385544   0.251548 
799   0.10444   0.259376  0.385444   0.25074 
800   0.104264   0.260072  0.385536   0.250128 
801   0.10364   0.261328  0.38544   0.249592 
802   0.103312   0.262168  0.385416   0.249104 
803   0.1034   0.262968  0.385144   0.248488 
804   0.103164   0.263756  0.384948   0.248132 
805   0.102764   0.264196  0.385072   0.247968 
806   0.103392   0.265032  0.384092   0.247484 
807   0.102932   0.26596  0.383604   0.247504 
808   0.103352   0.266696  0.382988   0.246964 
809   0.10342   0.267264  0.38278   0.246536 
810   0.1034   0.268228  0.382436   0.245936 
811   0.103172   0.269028  0.381752   0.246048 
812   0.103572   0.269676  0.380744   0.246008 
813   0.103656   0.270788  0.379968   0.245588 
814   0.104128   0.271888  0.378768   0.245216 
815   0.103544   0.27304  0.378088   0.245328 
816   0.102964   0.27396  0.377444   0.245632 
817   0.102972   0.274444  0.37706   0.245524 
818   0.10334   0.275116  0.375968   0.245576 
819   0.103324   0.276304  0.375068   0.245304 
820   0.1033   0.277048  0.374156   0.245496 
821   0.102892   0.277756  0.37364   0.245712 
822   0.103756   0.27824  0.37266   0.245344 
823   0.104336   0.278912  0.371504   0.245248 
824   0.104636   0.27956  0.370684   0.24512 
825   0.104552   0.280452  0.369796   0.2452 
826   0.104712   0.281452  0.368736   0.2451 
827   0.105032   0.282312  0.367592   0.245064 
828   0.105448   0.283116  0.366108   0.245328 
829   0.10546   0.284096  0.364944   0.2455 
830   0.105508   0.28484  0.364004   0.245648 
831   0.106012   0.28564  0.3626   0.245748 
832   0.106256   0.286664  0.361244   0.245836 
833   0.105344   0.288164  0.360128   0.246364 
834   0.105784   0.288792  0.35878   0.246644 
835   0.105892   0.289504  0.357892   0.246712 
836   0.106152   0.290408  0.356552   0.246888 
837   0.10666   0.290892  0.355392   0.247056 
838   0.107224   0.291712  0.353884   0.24718 
839   0.107392   0.292616  0.352492   0.2475 
840   0.107388   0.293464  0.35114   0.248008 
841   0.107368   0.294704  0.349624   0.248304 
842   0.107408   0.295928  0.34816   0.248504 
843   0.107136   0.297256  0.346532   0.249076 
844   0.107476   0.298472  0.344844   0.249208 
845   0.107764   0.299512  0.343256   0.249468 
846   0.10794   0.300808  0.341524   0.249728 
847   0.107672   0.302028  0.340076   0.250224 
848   0.107332   0.302892  0.33878   0.250996 
849   0.107584   0.303916  0.337252   0.251248 
850   0.107808   0.30478  0.335268   0.252144 
851   0.10818   0.305396  0.333688   0.252736 
