0   0.202828   0.267388  0.264572   0.265212 
1   0.214884   0.265024  0.258028   0.262064 
2   0.202504   0.26922  0.2595   0.268776 
3   0.191128   0.271292  0.262716   0.274864 
4   0.181508   0.271564  0.265992   0.280936 
5   0.17184   0.27056  0.271928   0.285672 
6   0.164012   0.27014  0.27658   0.289268 
7   0.158412   0.26832  0.280696   0.292572 
8   0.150924   0.267464  0.285156   0.296456 
9   0.1454   0.26594  0.291176   0.297484 
10   0.13922   0.264688  0.29796   0.298132 
11   0.13392   0.264264  0.305148   0.296668 
12   0.12908   0.265176  0.31256   0.293184 
13   0.12562   0.265312  0.318528   0.29054 
14   0.121088   0.265788  0.324492   0.288632 
15   0.118312   0.26542  0.329236   0.287032 
16   0.114988   0.265748  0.335196   0.284068 
17   0.111156   0.267204  0.339168   0.282472 
18   0.108804   0.267768  0.343596   0.279832 
19   0.106424   0.269136  0.345328   0.279112 
20   0.104684   0.27012  0.346976   0.27822 
21   0.102248   0.27204  0.347728   0.277984 
22   0.099096   0.275024  0.34648   0.2794 
23   0.098484   0.276916  0.344268   0.280332 
24   0.097288   0.279008  0.34258   0.281124 
25   0.095384   0.282412  0.34216   0.280044 
26   0.095456   0.284592  0.339884   0.280068 
27   0.093956   0.287008  0.337864   0.281172 
28   0.094152   0.287536  0.335512   0.2828 
29   0.0935   0.287472  0.33352   0.285508 
30   0.09212   0.286356  0.332892   0.288632 
31   0.09064   0.286864  0.331416   0.29108 
32   0.090376   0.285864  0.330264   0.293496 
33   0.089704   0.28434  0.330492   0.295464 
34   0.088696   0.282344  0.330048   0.298912 
35   0.089536   0.278476  0.331524   0.300464 
36   0.089164   0.273936  0.334104   0.302796 
37   0.089392   0.269504  0.337452   0.303652 
38   0.088856   0.263988  0.34124   0.305916 
39   0.087484   0.25906  0.346788   0.306668 
40   0.087408   0.2559  0.35082   0.305872 
41   0.086316   0.253008  0.355312   0.305364 
42   0.084688   0.2516  0.35938   0.304332 
43   0.08412   0.249148  0.362868   0.303864 
44   0.084688   0.24688  0.365736   0.302696 
45   0.083668   0.245848  0.368724   0.30176 
46   0.083164   0.245784  0.371376   0.299676 
47   0.083728   0.24634  0.37242   0.297512 
48   0.08284   0.246992  0.374332   0.295836 
49   0.08418   0.24612  0.376108   0.293592 
50   0.083556   0.246944  0.376788   0.292712 
51   0.082892   0.248092  0.379088   0.289928 
52   0.082652   0.249288  0.380916   0.287144 
53   0.08204   0.250476  0.382352   0.285132 
54   0.082844   0.252232  0.38342   0.281504 
55   0.08264   0.252364  0.384464   0.280532 
56   0.083768   0.251428  0.386024   0.27878 
57   0.083832   0.24984  0.387156   0.279172 
58   0.082996   0.249404  0.387332   0.280268 
59   0.082572   0.248252  0.38742   0.281756 
60   0.083112   0.247684  0.386904   0.2823 
61   0.083952   0.247816  0.38482   0.283412 
62   0.083488   0.247568  0.383936   0.285008 
63   0.083192   0.248444  0.38322   0.285144 
64   0.082196   0.251136  0.381264   0.285404 
65   0.082412   0.252328  0.380048   0.285212 
66   0.083288   0.253532  0.378808   0.284372 
67   0.083944   0.25442  0.378176   0.28346 
68   0.083036   0.255572  0.376552   0.28484 
69   0.083408   0.255808  0.375272   0.285512 
70   0.0839   0.255976  0.37476   0.285364 
71   0.083828   0.25592  0.374376   0.285876 
72   0.08482   0.255036  0.374148   0.285996 
73   0.084856   0.253984  0.373768   0.287392 
74   0.084396   0.253168  0.37406   0.288376 
75   0.084092   0.253112  0.373224   0.289572 
76   0.084576   0.251444  0.373292   0.290688 
77   0.083536   0.251364  0.372552   0.292548 
78   0.08406   0.25162  0.372488   0.291832 
79   0.082972   0.251392  0.373612   0.292024 
80   0.083512   0.251104  0.372976   0.292408 
81   0.083284   0.250408  0.374756   0.291552 
82   0.084648   0.249168  0.37568   0.290504 
83   0.084336   0.249112  0.377712   0.28884 
84   0.08484   0.249128  0.379368   0.286664 
85   0.08386   0.24876  0.381724   0.285656 
86   0.083496   0.248952  0.38268   0.284872 
87   0.084204   0.250376  0.383504   0.281916 
88   0.083392   0.25202  0.384788   0.2798 
89   0.082228   0.253728  0.386216   0.277828 
90   0.083132   0.254772  0.387312   0.274784 
91   0.0825   0.255888  0.388608   0.273004 
92   0.082788   0.255624  0.389032   0.272556 
93   0.08418   0.255808  0.389008   0.271004 
94   0.08426   0.257028  0.388908   0.269804 
95   0.084368   0.258684  0.388488   0.26846 
96   0.083832   0.262212  0.387664   0.266292 
97   0.08472   0.264876  0.387472   0.262932 
98   0.084896   0.26822  0.386636   0.260248 
99   0.085288   0.27032  0.384668   0.259724 
100   0.084768   0.27216  0.38344   0.259632 
101   0.08412   0.273972  0.381308   0.2606 
102   0.084144   0.275732  0.379188   0.260936 
103   0.084488   0.276784  0.375932   0.262796 
104   0.083864   0.277556  0.373428   0.265152 
105   0.083684   0.277464  0.371584   0.267268 
106   0.084012   0.276488  0.369336   0.270164 
107   0.083516   0.276024  0.367792   0.272668 
108   0.083292   0.274044  0.367   0.275664 
109   0.083152   0.272532  0.365876   0.27844 
110   0.0837   0.270464  0.36554   0.280296 
111   0.083172   0.268664  0.364348   0.283816 
112   0.08424   0.267376  0.362312   0.286072 
113   0.083976   0.266816  0.360456   0.288752 
114   0.083924   0.266368  0.358696   0.291012 
115   0.084036   0.265232  0.357016   0.293716 
116   0.083576   0.263944  0.35664   0.29584 
117   0.08358   0.262104  0.35756   0.296756 
118   0.083856   0.260744  0.358756   0.296644 
119   0.08434   0.258848  0.359188   0.297624 
120   0.084484   0.257888  0.358684   0.298944 
121   0.084584   0.257884  0.357176   0.300356 
122   0.083756   0.256996  0.357608   0.30164 
123   0.084088   0.254604  0.358776   0.302532 
124   0.083008   0.253244  0.360404   0.303344 
125   0.084044   0.25086  0.362044   0.303052 
126   0.083368   0.249116  0.36386   0.303656 
127   0.083252   0.24792  0.36518   0.303648 
128   0.084072   0.24606  0.367152   0.302716 
129   0.082864   0.246  0.369324   0.301812 
130   0.083304   0.245824  0.37182   0.299052 
131   0.083076   0.246184  0.373404   0.297336 
132   0.085652   0.245988  0.374612   0.293748 
133   0.084632   0.248452  0.375692   0.291224 
134   0.084908   0.249512  0.376624   0.288956 
135   0.086032   0.249532  0.378636   0.2858 
136   0.0856   0.251028  0.381336   0.282036 
137   0.084324   0.253176  0.383536   0.278964 
138   0.083984   0.254356  0.384956   0.276704 
139   0.084456   0.254928  0.38506   0.275556 
140   0.082976   0.256032  0.386172   0.27482 
141   0.082636   0.256688  0.386384   0.274292 
142   0.083304   0.258152  0.384852   0.273692 
143   0.084284   0.259028  0.383848   0.27284 
144   0.084192   0.260904  0.38256   0.272344 
145   0.085004   0.262  0.381244   0.271752 
146   0.084148   0.264128  0.379756   0.271968 
147   0.084124   0.264924  0.378324   0.272628 
148   0.083896   0.26662  0.376448   0.273036 
149   0.084596   0.267748  0.374592   0.273064 
150   0.084408   0.26818  0.373096   0.274316 
151   0.083732   0.26932  0.371368   0.27558 
152   0.083932   0.268316  0.370372   0.27738 
153   0.084812   0.267188  0.368764   0.279236 
154   0.084084   0.267196  0.367132   0.281588 
155   0.085748   0.26644  0.364788   0.283024 
156   0.085268   0.265596  0.36484   0.284296 
157   0.08506   0.263912  0.364748   0.28628 
158   0.085508   0.262304  0.363936   0.288252 
159   0.085192   0.261904  0.363112   0.289792 
160   0.086108   0.260548  0.36196   0.291384 
161   0.084172   0.260348  0.361972   0.293508 
162   0.08448   0.26004  0.361184   0.294296 
163   0.08332   0.258988  0.361976   0.295716 
164   0.082736   0.257204  0.362484   0.297576 
165   0.08344   0.255536  0.362212   0.298812 
166   0.08296   0.254468  0.362896   0.299676 
167   0.084604   0.251252  0.363276   0.300868 
168   0.08348   0.249836  0.365696   0.300988 
169   0.084556   0.247952  0.36778   0.299712 
170   0.083372   0.248028  0.370272   0.298328 
171   0.083864   0.24658  0.372832   0.296724 
172   0.084264   0.24554  0.375624   0.294572 
173   0.08552   0.2438  0.378352   0.292328 
174   0.086136   0.242416  0.382264   0.289184 
175   0.085572   0.241788  0.386296   0.286344 
176   0.086296   0.240248  0.390012   0.283444 
177   0.085248   0.241292  0.392944   0.280516 
178   0.08638   0.241256  0.39548   0.276884 
179   0.083944   0.243936  0.397304   0.274816 
180   0.084156   0.246996  0.39666   0.272188 
181   0.084936   0.251148  0.39514   0.268776 
182   0.083312   0.254952  0.394504   0.267232 
183   0.085688   0.258656  0.390756   0.2649 
184   0.085972   0.261788  0.38816   0.26408 
185   0.085392   0.26492  0.387116   0.262572 
186   0.086   0.266516  0.384108   0.263376 
187   0.08588   0.268348  0.38046   0.265312 
188   0.085912   0.269208  0.37672   0.26816 
189   0.084912   0.27098  0.372868   0.27124 
190   0.085812   0.270936  0.36902   0.274232 
191   0.086084   0.271384  0.365484   0.277048 
192   0.086452   0.271156  0.362188   0.280204 
193   0.085808   0.2697  0.360296   0.284196 
194   0.085396   0.268016  0.358796   0.287792 
195   0.085428   0.265932  0.358296   0.290344 
196   0.086408   0.264372  0.356884   0.292336 
197   0.085112   0.263328  0.358496   0.293064 
198   0.084228   0.262932  0.358852   0.293988 
199   0.084484   0.261364  0.359668   0.294484 
200   0.084588   0.258752  0.361228   0.295432 
201   0.086004   0.255796  0.362944   0.295256 
202   0.085264   0.252944  0.365164   0.296628 
203   0.085208   0.249916  0.366972   0.297904 
204   0.085168   0.247592  0.369804   0.297436 
205   0.08586   0.245388  0.373092   0.29566 
206   0.08408   0.243352  0.378008   0.29456 
207   0.084648   0.240052  0.382372   0.292928 
208   0.084844   0.237236  0.386304   0.291616 
209   0.085652   0.234636  0.389848   0.289864 
210   0.084872   0.233432  0.393604   0.288092 
211   0.084608   0.232168  0.397152   0.286072 
212   0.083556   0.233504  0.399868   0.283072 
213   0.083256   0.234568  0.402008   0.280168 
214   0.083356   0.235724  0.404272   0.276648 
215   0.0837   0.237064  0.405324   0.273912 
216   0.083688   0.240388  0.405256   0.270668 
217   0.083796   0.243604  0.404616   0.267984 
218   0.08384   0.246516  0.404672   0.264972 
219   0.083504   0.250356  0.404064   0.262076 
220   0.08408   0.254492  0.401304   0.260124 
221   0.083496   0.258644  0.398204   0.259656 
222   0.083608   0.261312  0.394428   0.260652 
223   0.083496   0.264644  0.390184   0.261676 
224   0.083464   0.266456  0.38636   0.26372 
225   0.084636   0.26854  0.38074   0.266084 
226   0.084932   0.269592  0.377516   0.26796 
227   0.085804   0.270632  0.373736   0.269828 
228   0.086   0.271036  0.36984   0.273124 
229   0.086464   0.270548  0.366128   0.27686 
230   0.087272   0.26906  0.36316   0.280508 
231   0.086312   0.268524  0.361012   0.284152 
232   0.0872   0.26674  0.359692   0.286368 
233   0.08756   0.265036  0.35886   0.288544 
234   0.08714   0.262548  0.359104   0.291208 
235   0.0875   0.260884  0.358656   0.29296 
236   0.086812   0.259516  0.359444   0.294228 
237   0.086232   0.258196  0.36002   0.295552 
238   0.08588   0.256172  0.360936   0.297012 
239   0.086244   0.254116  0.361824   0.297816 
240   0.086084   0.251828  0.36348   0.298608 
241   0.086112   0.250576  0.365396   0.297916 
242   0.086024   0.24764  0.36746   0.298876 
243   0.085352   0.245384  0.37068   0.298584 
244   0.084616   0.244228  0.37366   0.297496 
245   0.084228   0.24406  0.377172   0.29454 
246   0.0847   0.244072  0.380676   0.290552 
247   0.08396   0.246048  0.383452   0.28654 
248   0.084084   0.247996  0.386204   0.281716 
249   0.08324   0.248592  0.388424   0.279744 
250   0.082856   0.24962  0.389888   0.277636 
251   0.081828   0.25266  0.39086   0.274652 
252   0.082372   0.254428  0.391088   0.272112 
253   0.082948   0.257128  0.389524   0.2704 
254   0.083012   0.25912  0.38684   0.271028 
255   0.082868   0.262188  0.383784   0.27116 
256   0.082872   0.264424  0.381596   0.271108 
257   0.082512   0.265848  0.378448   0.273192 
258   0.082968   0.267536  0.374432   0.275064 
259   0.082612   0.270076  0.3715   0.275812 
260   0.082612   0.271704  0.368708   0.276976 
261   0.08294   0.27208  0.364716   0.280264 
262   0.083152   0.272196  0.362544   0.282108 
263   0.083476   0.271432  0.360704   0.284388 
264   0.084484   0.269684  0.359112   0.28672 
265   0.084756   0.26854  0.358068   0.288636 
266   0.082708   0.266612  0.35918   0.2915 
267   0.08548   0.264332  0.3581   0.292088 
268   0.084432   0.26354  0.357564   0.294464 
269   0.08474   0.261024  0.358016   0.29622 
270   0.084836   0.259268  0.358452   0.297444 
271   0.084992   0.257876  0.360072   0.29706 
272   0.084932   0.256148  0.362596   0.296324 
273   0.0843   0.25462  0.364   0.29708 
274   0.084792   0.253956  0.366176   0.295076 
275   0.083588   0.252948  0.370068   0.293396 
276   0.083856   0.25128  0.37354   0.291324 
277   0.083432   0.250344  0.3774   0.288824 
278   0.081648   0.249736  0.380096   0.28852 
279   0.082848   0.247396  0.381756   0.288 
280   0.082648   0.24654  0.38358   0.287232 
281   0.082928   0.244516  0.385384   0.287172 
282   0.082908   0.243868  0.387256   0.285968 
283   0.082664   0.244384  0.389496   0.283456 
284   0.083516   0.24502  0.3902   0.281264 
285   0.084768   0.245212  0.390816   0.279204 
286   0.084568   0.246372  0.39178   0.27728 
287   0.084396   0.247796  0.39218   0.275628 
288   0.084912   0.24966  0.391936   0.273492 
289   0.083848   0.251324  0.391348   0.27348 
290   0.084036   0.254068  0.38928   0.272616 
291   0.084596   0.25642  0.386892   0.272092 
292   0.084764   0.258948  0.384284   0.272004 
293   0.084432   0.261148  0.381176   0.273244 
294   0.084736   0.261636  0.378948   0.27468 
295   0.084988   0.262148  0.376288   0.276576 
296   0.085816   0.262424  0.373488   0.278272 
297   0.0852   0.261896  0.370996   0.281908 
298   0.085028   0.260524  0.368812   0.285636 
299   0.084844   0.259384  0.36656   0.289212 
300   0.084788   0.256928  0.365584   0.2927 
301   0.086228   0.254088  0.36504   0.294644 
302   0.085452   0.253112  0.364472   0.296964 
303   0.086248   0.25176  0.364084   0.297908 
304   0.085288   0.250728  0.365632   0.298352 
305   0.085056   0.250036  0.365616   0.299292 
306   0.085828   0.247336  0.366944   0.299892 
307   0.085788   0.24544  0.36998   0.298792 
308   0.08678   0.24376  0.372452   0.297008 
309   0.086056   0.244436  0.375404   0.294104 
310   0.08638   0.244032  0.378488   0.2911 
311   0.08624   0.243552  0.381116   0.289092 
312   0.085476   0.24476  0.38266   0.287104 
313   0.085216   0.245796  0.38524   0.283748 
314   0.084628   0.247324  0.387168   0.28088 
315   0.084192   0.249448  0.3874   0.27896 
316   0.084732   0.251512  0.386108   0.277648 
317   0.085208   0.253268  0.385556   0.275968 
318   0.085596   0.255444  0.384432   0.274528 
319   0.083732   0.257856  0.383844   0.274568 
320   0.083976   0.259788  0.382808   0.273428 
321   0.084204   0.261388  0.382908   0.2715 
322   0.08428   0.264688  0.380596   0.270436 
323   0.083788   0.26686  0.37928   0.270072 
324   0.085008   0.267728  0.375972   0.271292 
325   0.083996   0.268764  0.374544   0.272696 
326   0.08366   0.267936  0.373404   0.275 
327   0.08468   0.267892  0.370888   0.27654 
328   0.083796   0.268952  0.369232   0.27802 
329   0.084684   0.269468  0.36736   0.278488 
330   0.084292   0.26906  0.366652   0.279996 
331   0.084272   0.268688  0.36572   0.28132 
332   0.084412   0.267628  0.365984   0.281976 
333   0.08536   0.266868  0.365076   0.282696 
334   0.085632   0.266204  0.36396   0.284204 
335   0.08524   0.26586  0.363392   0.285508 
336   0.084688   0.2652  0.36298   0.287132 
337   0.084376   0.263508  0.364276   0.28784 
338   0.0832   0.261616  0.367208   0.287976 
339   0.08426   0.258716  0.368216   0.288808 
340   0.083944   0.257032  0.36972   0.289304 
341   0.083076   0.255544  0.37116   0.29022 
342   0.08286   0.255228  0.372496   0.289416 
343   0.083776   0.253928  0.373408   0.288888 
344   0.08404   0.254768  0.374216   0.286976 
345   0.084256   0.255176  0.375176   0.285392 
346   0.084064   0.256916  0.375644   0.283376 
347   0.0837   0.259444  0.375796   0.28106 
348   0.083432   0.260812  0.376876   0.27888 
349   0.083484   0.261964  0.378036   0.276516 
350   0.084232   0.262712  0.379184   0.273872 
351   0.08284   0.264916  0.37926   0.272984 
352   0.082172   0.265512  0.380084   0.272232 
353   0.08154   0.266924  0.379564   0.271972 
354   0.08284   0.267256  0.378232   0.271672 
355   0.082484   0.268556  0.376972   0.271988 
356   0.082824   0.270744  0.374644   0.271788 
357   0.082932   0.270768  0.374472   0.271828 
358   0.082548   0.272124  0.374524   0.270804 
359   0.083228   0.272448  0.373436   0.270888 
360   0.082424   0.272944  0.37246   0.272172 
361   0.08218   0.2728  0.371904   0.273116 
362   0.083372   0.27142  0.370356   0.274852 
363   0.081088   0.271728  0.369268   0.277916 
364   0.083196   0.271256  0.365932   0.279616 
365   0.084168   0.27124  0.362728   0.281864 
366   0.083452   0.269872  0.361668   0.285008 
367   0.083432   0.268908  0.359432   0.288228 
368   0.0842   0.266912  0.3574   0.291488 
369   0.084232   0.265324  0.356408   0.294036 
370   0.084928   0.262444  0.356584   0.296044 
371   0.084508   0.2599  0.357116   0.298476 
372   0.086096   0.257192  0.357468   0.299244 
373   0.085268   0.254408  0.359116   0.301208 
374   0.085656   0.250776  0.361968   0.3016 
375   0.085308   0.2475  0.364336   0.302856 
376   0.084816   0.24408  0.3668   0.304304 
377   0.084888   0.241424  0.368268   0.30542 
378   0.085092   0.238288  0.371576   0.305044 
379   0.083976   0.237316  0.374724   0.303984 
380   0.083336   0.235888  0.379448   0.301328 
381   0.083272   0.235548  0.38296   0.29822 
382   0.08264   0.236028  0.38652   0.294812 
383   0.082604   0.235328  0.390208   0.29186 
384   0.081812   0.235368  0.393096   0.289724 
385   0.082212   0.235808  0.3948   0.28718 
386   0.084   0.235804  0.396996   0.2832 
387   0.083276   0.238148  0.398704   0.279872 
388   0.084516   0.239904  0.399716   0.275864 
389   0.08422   0.24322  0.400296   0.272264 
390   0.083476   0.246816  0.400808   0.2689 
391   0.083544   0.249656  0.399144   0.267656 
392   0.083716   0.253172  0.395996   0.267116 
393   0.083   0.257428  0.392752   0.26682 
394   0.08262   0.261336  0.38908   0.266964 
395   0.083188   0.265736  0.383364   0.267712 
396   0.081944   0.269944  0.378528   0.269584 
397   0.083332   0.272932  0.373212   0.270524 
398   0.083112   0.27572  0.368952   0.272216 
399   0.083256   0.278456  0.36342   0.274868 
400   0.083688   0.27882  0.359696   0.277796 
401   0.084   0.278488  0.355868   0.281644 
402   0.08474   0.277724  0.35282   0.284716 
403   0.083572   0.275048  0.351368   0.290012 
404   0.083752   0.27172  0.349288   0.29524 
405   0.08396   0.267072  0.348484   0.300484 
406   0.08406   0.262116  0.348712   0.305112 
407   0.084364   0.257396  0.349196   0.309044 
408   0.083612   0.252584  0.350808   0.312996 
409   0.084144   0.248056  0.352256   0.315544 
410   0.08488   0.242988  0.355404   0.316728 
411   0.083316   0.239808  0.358344   0.318532 
412   0.083332   0.235508  0.362564   0.318596 
413   0.084752   0.230624  0.366796   0.317828 
414   0.084204   0.2283  0.372776   0.31472 
415   0.082156   0.227488  0.379324   0.311032 
416   0.082284   0.227688  0.384288   0.30574 
417   0.082664   0.22928  0.388572   0.299484 
418   0.082756   0.230268  0.39396   0.293016 
419   0.082308   0.233156  0.39788   0.286656 
420   0.08176   0.23554  0.402312   0.280388 
421   0.082396   0.238348  0.404628   0.274628 
422   0.081628   0.2429  0.406512   0.26896 
423   0.081136   0.246184  0.406928   0.265752 
424   0.08116   0.250128  0.40584   0.262872 
425   0.080996   0.253564  0.404412   0.261028 
426   0.08072   0.2577  0.402208   0.259372 
427   0.079904   0.262472  0.398528   0.259096 
428   0.080796   0.266344  0.395388   0.257472 
429   0.081084   0.270768  0.390936   0.257212 
430   0.080648   0.27532  0.386108   0.257924 
431   0.08148   0.278508  0.380288   0.259724 
432   0.081468   0.281636  0.373844   0.263052 
433   0.0839   0.283928  0.36552   0.266652 
434   0.08244   0.28666  0.360004   0.270896 
435   0.084172   0.287424  0.35424   0.274164 
436   0.085488   0.28708  0.349044   0.278388 
437   0.086176   0.287904  0.3444   0.28152 
438   0.085252   0.285452  0.342516   0.28678 
439   0.084904   0.283132  0.33938   0.292584 
440   0.08484   0.278932  0.337784   0.298444 
441   0.08416   0.275988  0.33674   0.303112 
442   0.084068   0.270736  0.337488   0.307708 
443   0.083888   0.265356  0.34016   0.310596 
444   0.083696   0.259708  0.343924   0.312672 
445   0.084192   0.253944  0.349088   0.312776 
446   0.083256   0.249804  0.354284   0.312656 
447   0.083336   0.24534  0.359748   0.311576 
448   0.082108   0.242352  0.365088   0.310452 
449   0.084172   0.23836  0.3704   0.307068 
450   0.083552   0.236016  0.376348   0.304084 
451   0.0831   0.23406  0.382528   0.300312 
452   0.083264   0.23252  0.387508   0.296708 
453   0.082344   0.23104  0.392712   0.293904 
454   0.08196   0.23018  0.397284   0.290576 
455   0.08228   0.229536  0.400376   0.287808 
456   0.080532   0.232724  0.402632   0.284112 
457   0.080444   0.235756  0.40548   0.27832 
458   0.080516   0.238952  0.407004   0.273528 
459   0.081116   0.241268  0.407668   0.269948 
460   0.08148   0.24426  0.408244   0.266016 
461   0.083044   0.246324  0.409112   0.26152 
462   0.083092   0.24988  0.40838   0.258648 
463   0.082928   0.253236  0.407428   0.256408 
464   0.082708   0.25624  0.406172   0.25488 
465   0.082892   0.258968  0.404732   0.253408 
466   0.082032   0.262348  0.402368   0.253252 
467   0.083472   0.26496  0.398864   0.252704 
468   0.084252   0.267612  0.394256   0.25388 
469   0.083552   0.271  0.389708   0.25574 
470   0.083192   0.272888  0.385028   0.258892 
471   0.083036   0.274524  0.37998   0.26246 
472   0.083024   0.275868  0.374628   0.26648 
473   0.083592   0.277476  0.368748   0.270184 
474   0.083644   0.27892  0.363616   0.27382 
475   0.084588   0.278264  0.359776   0.277372 
476   0.083544   0.278988  0.356784   0.280684 
477   0.083604   0.277676  0.353996   0.284724 
478   0.084492   0.273664  0.352972   0.288872 
479   0.084232   0.271048  0.35304   0.29168 
480   0.084248   0.26822  0.353892   0.29364 
481   0.083128   0.266084  0.356828   0.29396 
482   0.08414   0.263744  0.358668   0.293448 
483   0.083868   0.261048  0.361952   0.293132 
484   0.084312   0.25882  0.364092   0.292776 
485   0.084052   0.25626  0.36716   0.292528 
486   0.08258   0.25406  0.3713   0.29206 
487   0.0833   0.252496  0.374012   0.290192 
488   0.082136   0.251084  0.376356   0.290424 
489   0.082252   0.249732  0.37816   0.289856 
490   0.0835   0.248068  0.378596   0.289836 
491   0.082512   0.248212  0.380476   0.2888 
492   0.083072   0.248228  0.381068   0.287632 
493   0.082012   0.249028  0.383   0.28596 
494   0.081904   0.249432  0.384184   0.28448 
495   0.083288   0.248876  0.385376   0.28246 
496   0.0823   0.249888  0.387072   0.28074 
497   0.081408   0.251468  0.387568   0.279556 
498   0.082008   0.253032  0.387324   0.277636 
499   0.082052   0.255588  0.3862   0.27616 
500   0.083228   0.2559  0.38444   0.276432 
501   0.082984   0.257888  0.383004   0.276124 
502   0.08286   0.259132  0.381544   0.276464 
503   0.083508   0.259408  0.3799   0.277184 
504   0.083624   0.260364  0.378704   0.277308 
505   0.083608   0.261188  0.376292   0.278912 
506   0.083564   0.26144  0.375196   0.2798 
507   0.084456   0.260144  0.37354   0.28186 
508   0.084092   0.259152  0.372144   0.284612 
509   0.0849   0.257268  0.371668   0.286164 
510   0.085416   0.255672  0.370704   0.288208 
511   0.08412   0.25468  0.370224   0.290976 
512   0.084072   0.252876  0.370448   0.292604 
513   0.083988   0.250792  0.369432   0.295788 
514   0.084148   0.24846  0.369552   0.29784 
515   0.084936   0.247032  0.369192   0.29884 
516   0.08506   0.244864  0.369992   0.300084 
517   0.08586   0.24312  0.371724   0.299296 
518   0.084816   0.242808  0.373264   0.299112 
519   0.084928   0.242452  0.37524   0.29738 
520   0.08482   0.24262  0.377244   0.295316 
521   0.084984   0.24454  0.3803   0.290176 
522   0.085648   0.246036  0.382968   0.285348 
523   0.085708   0.246608  0.387612   0.280072 
524   0.08436   0.24686  0.391584   0.277196 
525   0.085044   0.247532  0.393364   0.27406 
526   0.0856   0.247744  0.395416   0.27124 
527   0.085024   0.249228  0.395676   0.270072 
528   0.08394   0.249972  0.39772   0.268368 
529   0.083348   0.251808  0.397204   0.26764 
530   0.083756   0.253852  0.395468   0.266924 
531   0.082988   0.255624  0.39414   0.267248 
532   0.084192   0.256508  0.39238   0.26692 
533   0.082872   0.25692  0.390548   0.26966 
534   0.083744   0.25672  0.387772   0.271764 
535   0.083392   0.257212  0.386456   0.27294 
536   0.084508   0.257776  0.383404   0.274312 
537   0.0846   0.258512  0.380616   0.276272 
538   0.084064   0.259264  0.377876   0.278796 
539   0.08304   0.260092  0.37468   0.282188 
540   0.083536   0.261796  0.370832   0.283836 
541   0.083064   0.262688  0.3691   0.285148 
542   0.085108   0.261492  0.367752   0.285648 
543   0.083876   0.262112  0.367524   0.286488 
544   0.083132   0.26076  0.368228   0.28788 
545   0.0843   0.258516  0.368604   0.28858 
546   0.08364   0.25784  0.368684   0.289836 
547   0.08294   0.257524  0.369148   0.290388 
548   0.083448   0.255852  0.36976   0.29094 
549   0.08346   0.255252  0.36974   0.291548 
550   0.083356   0.254284  0.370696   0.291664 
551   0.082832   0.254624  0.37008   0.292464 
552   0.08286   0.25484  0.370472   0.291828 
553   0.083636   0.256688  0.369704   0.289972 
554   0.082088   0.25814  0.371272   0.2885 
555   0.081928   0.260396  0.371888   0.285788 
556   0.082628   0.261792  0.373016   0.282564 
557   0.08428   0.2637  0.372632   0.279388 
558   0.083688   0.265548  0.373944   0.27682 
559   0.084056   0.26574  0.373776   0.276428 
560   0.08422   0.264964  0.374776   0.27604 
561   0.083984   0.263132  0.374388   0.278496 
562   0.084924   0.260288  0.373904   0.280884 
563   0.083644   0.259012  0.375004   0.28234 
564   0.083492   0.257108  0.373836   0.285564 
565   0.083368   0.255332  0.372368   0.288932 
566   0.083924   0.253388  0.370564   0.292124 
567   0.083904   0.251692  0.369244   0.29516 
568   0.08278   0.2505  0.370064   0.296656 
569   0.084096   0.24934  0.369628   0.296936 
570   0.085812   0.247596  0.369348   0.297244 
571   0.08484   0.248708  0.370324   0.296128 
572   0.084312   0.24864  0.372444   0.294604 
573   0.084564   0.248292  0.373704   0.29344 
574   0.086216   0.248888  0.372816   0.29208 
575   0.085704   0.2484  0.373412   0.292484 
576   0.085388   0.24852  0.37282   0.293272 
577   0.084608   0.24822  0.372736   0.294436 
578   0.084812   0.247792  0.371564   0.295832 
579   0.08524   0.246756  0.370612   0.297392 
580   0.084408   0.2468  0.372124   0.296668 
581   0.085308   0.246568  0.372692   0.295432 
582   0.084628   0.247244  0.37458   0.293548 
583   0.084324   0.24822  0.377008   0.290448 
584   0.0844   0.248896  0.379528   0.287176 
585   0.085452   0.24802  0.38132   0.285208 
586   0.084632   0.248456  0.383648   0.283264 
587   0.08422   0.247692  0.386712   0.281376 
588   0.084672   0.249024  0.387484   0.27882 
589   0.084272   0.24942  0.390164   0.276144 
590   0.084132   0.249568  0.391184   0.275116 
591   0.083272   0.250736  0.39244   0.273552 
592   0.08416   0.25066  0.392556   0.272624 
593   0.083904   0.251336  0.390652   0.274108 
594   0.083664   0.25374  0.38964   0.272956 
595   0.084324   0.256772  0.386944   0.27196 
596   0.084284   0.25858  0.3857   0.271436 
597   0.083968   0.260744  0.383196   0.272092 
598   0.084408   0.262324  0.380692   0.272576 
599   0.085224   0.264636  0.376516   0.273624 
600   0.08414   0.265456  0.373988   0.276416 
601   0.084328   0.265292  0.372096   0.278284 
602   0.084896   0.265724  0.369112   0.280268 
603   0.085892   0.265388  0.366396   0.282324 
604   0.08598   0.265048  0.364212   0.28476 
605   0.08444   0.264564  0.362324   0.288672 
606   0.084296   0.26432  0.360492   0.290892 
607   0.085288   0.264056  0.357792   0.292864 
608   0.083768   0.264968  0.356032   0.295232 
609   0.083908   0.263824  0.354676   0.297592 
610   0.084252   0.26324  0.355084   0.297424 
611   0.08412   0.26314  0.356616   0.296124 
612   0.083852   0.2616  0.359572   0.294976 
613   0.083784   0.25954  0.362792   0.293884 
614   0.084448   0.258152  0.364796   0.292604 
615   0.08476   0.255684  0.368336   0.29122 
616   0.083824   0.253436  0.372848   0.289892 
617   0.08354   0.250552  0.37658   0.289328 
618   0.083052   0.248412  0.380188   0.288348 
619   0.082976   0.247804  0.382964   0.286256 
620   0.082688   0.247012  0.38534   0.28496 
621   0.081636   0.247276  0.389088   0.282 
622   0.082672   0.247468  0.39104   0.27882 
623   0.083364   0.24898  0.39188   0.275776 
624   0.082548   0.24916  0.393936   0.274356 
625   0.083536   0.249164  0.39544   0.27186 
626   0.083676   0.250072  0.396856   0.269396 
627   0.08332   0.2505  0.398104   0.268076 
628   0.08338   0.251536  0.398068   0.267016 
629   0.083424   0.25276  0.397728   0.266088 
630   0.08358   0.254864  0.39592   0.265636 
631   0.084232   0.25658  0.393432   0.265756 
632   0.083988   0.258484  0.391252   0.266276 
633   0.08404   0.260376  0.388644   0.26694 
634   0.08598   0.2623  0.385496   0.266224 
635   0.085048   0.26508  0.383696   0.266176 
636   0.084604   0.268188  0.380372   0.266836 
637   0.084788   0.270364  0.376568   0.26828 
638   0.08422   0.27208  0.37384   0.26986 
639   0.084396   0.272648  0.371528   0.271428 
640   0.083748   0.274668  0.3674   0.274184 
641   0.08326   0.275764  0.364824   0.276152 
642   0.083152   0.275936  0.36312   0.277792 
643   0.0827   0.274744  0.361708   0.280848 
644   0.083776   0.273036  0.36038   0.282808 
645   0.083584   0.271536  0.35944   0.28544 
646   0.083992   0.268968  0.358336   0.288704 
647   0.08408   0.267508  0.357736   0.290676 
648   0.084736   0.266228  0.358508   0.290528 
649   0.085624   0.264984  0.358892   0.2905 
650   0.084868   0.264108  0.360732   0.290292 
651   0.084416   0.26284  0.362172   0.290572 
652   0.084596   0.262512  0.363572   0.28932 
653   0.085192   0.26134  0.365148   0.28832 
654   0.085388   0.259576  0.367396   0.28764 
655   0.084668   0.259076  0.368832   0.287424 
656   0.086248   0.257016  0.370248   0.286488 
657   0.085652   0.257028  0.371024   0.286296 
658   0.08502   0.256548  0.371904   0.286528 
659   0.084636   0.257092  0.37286   0.285412 
660   0.085192   0.257788  0.372768   0.284252 
661   0.084948   0.257312  0.373284   0.284456 
662   0.083936   0.257108  0.373944   0.285012 
663   0.082412   0.257388  0.374128   0.286072 
664   0.082744   0.256576  0.373576   0.287104 
665   0.084044   0.255888  0.372452   0.287616 
666   0.083672   0.255092  0.371648   0.289588 
667   0.08334   0.253516  0.372484   0.29066 
668   0.083948   0.252956  0.372052   0.291044 
669   0.083936   0.253676  0.371796   0.290592 
670   0.083836   0.253092  0.372612   0.29046 
671   0.084572   0.252504  0.37254   0.290384 
672   0.083472   0.25244  0.374224   0.289864 
673   0.083588   0.25102  0.375588   0.289804 
674   0.08314   0.249444  0.377368   0.290048 
675   0.083428   0.248956  0.37784   0.289776 
676   0.084868   0.248104  0.37808   0.288948 
677   0.083812   0.24854  0.379276   0.288372 
678   0.083728   0.248688  0.379684   0.2879 
679   0.086056   0.248732  0.378172   0.28704 
680   0.085692   0.250312  0.377284   0.286712 
681   0.084948   0.251996  0.377408   0.285648 
682   0.084376   0.253284  0.377212   0.285128 
683   0.084824   0.253152  0.377332   0.284692 
684   0.084452   0.25296  0.377404   0.285184 
685   0.085328   0.25234  0.377324   0.285008 
686   0.085212   0.251508  0.378268   0.285012 
687   0.084464   0.2518  0.38004   0.283696 
688   0.083888   0.251444  0.381832   0.282836 
689   0.08376   0.251288  0.383112   0.28184 
690   0.084064   0.252516  0.382536   0.280884 
691   0.083944   0.251216  0.383144   0.281696 
692   0.082568   0.25172  0.383448   0.282264 
693   0.08366   0.251668  0.383572   0.2811 
694   0.08444   0.253036  0.383824   0.2787 
695   0.0841   0.254324  0.384184   0.277392 
696   0.084692   0.25578  0.383936   0.275592 
697   0.083976   0.256352  0.384972   0.2747 
698   0.084428   0.257484  0.38454   0.273548 
699   0.084012   0.258332  0.3848   0.272856 
700   0.083764   0.258872  0.384796   0.272568 
701   0.083428   0.257896  0.38378   0.274896 
702   0.084664   0.258232  0.381472   0.275632 
703   0.084308   0.259708  0.379956   0.276028 
704   0.08386   0.260252  0.379188   0.2767 
705   0.083456   0.261524  0.37702   0.278 
706   0.083768   0.262164  0.375368   0.2787 
707   0.084652   0.262532  0.372536   0.28028 
708   0.083944   0.262212  0.370088   0.283756 
709   0.08352   0.262784  0.367648   0.286048 
710   0.082912   0.26202  0.366784   0.288284 
711   0.083704   0.262284  0.365288   0.288724 
712   0.083452   0.262292  0.364384   0.289872 
713   0.083412   0.26216  0.363616   0.290812 
714   0.083596   0.264492  0.362024   0.289888 
715   0.083932   0.265724  0.361156   0.289188 
716   0.084556   0.266732  0.360552   0.28816 
717   0.08438   0.26556  0.36256   0.2875 
718   0.083992   0.264524  0.364636   0.286848 
719   0.083468   0.263856  0.366836   0.28584 
720   0.082676   0.261808  0.370232   0.285284 
721   0.081964   0.2588  0.37248   0.286756 
722   0.080316   0.258312  0.373064   0.288308 
723   0.08204   0.255744  0.37332   0.288896 
724   0.0824   0.253956  0.373608   0.290036 
725   0.081984   0.25272  0.373724   0.291572 
726   0.08178   0.252636  0.373776   0.291808 
727   0.080696   0.25266  0.37508   0.291564 
728   0.082008   0.25328  0.374912   0.2898 
729   0.081916   0.254204  0.376616   0.287264 
730   0.081732   0.255544  0.377664   0.28506 
731   0.082004   0.256844  0.378164   0.282988 
732   0.080964   0.25742  0.379556   0.28206 
733   0.08254   0.25752  0.3804   0.27954 
734   0.081128   0.259776  0.381168   0.277928 
735   0.081604   0.261224  0.380872   0.2763 
736   0.081212   0.263184  0.380488   0.275116 
737   0.081536   0.264944  0.379608   0.273912 
738   0.080324   0.268252  0.379116   0.272308 
739   0.081472   0.271268  0.3763   0.27096 
740   0.081672   0.274492  0.374992   0.268844 
741   0.080572   0.278112  0.373832   0.267484 
742   0.08132   0.281012  0.371088   0.26658 
743   0.0811   0.284004  0.369548   0.265348 
744   0.08028   0.287  0.367916   0.264804 
745   0.080956   0.288188  0.366992   0.263864 
746   0.081092   0.288732  0.365496   0.26468 
747   0.080864   0.289036  0.363128   0.266972 
748   0.081884   0.286696  0.361172   0.270248 
749   0.081796   0.284788  0.359812   0.273604 
750   0.082564   0.283752  0.357732   0.275952 
751   0.082052   0.281988  0.354876   0.281084 
752   0.08344   0.27982  0.352096   0.284644 
753   0.083064   0.27662  0.35156   0.288756 
754   0.082712   0.2738  0.349564   0.293924 
755   0.083028   0.269092  0.348352   0.299528 
756   0.083136   0.2653  0.347372   0.304192 
757   0.084004   0.261236  0.34728   0.30748 
758   0.08314   0.257628  0.347416   0.311816 
759   0.084248   0.25326  0.349124   0.313368 
760   0.084556   0.249132  0.351464   0.314848 
761   0.084584   0.244988  0.354188   0.31624 
762   0.084256   0.241404  0.35786   0.31648 
763   0.083608   0.239388  0.361704   0.3153 
764   0.084156   0.236356  0.365308   0.31418 
765   0.083504   0.233944  0.369612   0.31294 
766   0.083416   0.230872  0.374052   0.31166 
767   0.084424   0.228492  0.379244   0.30784 
768   0.083752   0.226132  0.384296   0.30582 
769   0.082972   0.22638  0.3893   0.301348 
770   0.084032   0.226304  0.393152   0.296512 
771   0.084488   0.226492  0.397344   0.291676 
772   0.084688   0.227572  0.399932   0.287808 
773   0.084972   0.229464  0.401792   0.283772 
774   0.085048   0.232952  0.403852   0.278148 
775   0.083668   0.237256  0.40474   0.274336 
776   0.083432   0.241264  0.404968   0.270336 
777   0.085232   0.24498  0.403308   0.26648 
778   0.083964   0.249544  0.402268   0.264224 
779   0.084764   0.253496  0.399928   0.261812 
780   0.085472   0.257188  0.396272   0.261068 
781   0.0858   0.26052  0.393108   0.260572 
782   0.084684   0.266028  0.389084   0.260204 
783   0.084764   0.267876  0.385056   0.262304 
784   0.08444   0.269668  0.3808   0.265092 
785   0.085664   0.271024  0.375672   0.26764 
786   0.086748   0.270984  0.371668   0.2706 
787   0.085624   0.271132  0.368792   0.274452 
788   0.086416   0.270244  0.365588   0.277752 
789   0.08678   0.268376  0.363636   0.281208 
790   0.086788   0.2668  0.361684   0.284728 
791   0.085788   0.265892  0.360476   0.287844 
792   0.086804   0.264424  0.359176   0.289596 
793   0.086288   0.263328  0.359316   0.291068 
794   0.08662   0.263224  0.359308   0.290848 
795   0.087084   0.262628  0.360276   0.290012 
796   0.085656   0.260528  0.364332   0.289484 
797   0.08574   0.25814  0.367276   0.288844 
798   0.08634   0.255808  0.3697   0.288152 
799   0.08554   0.25354  0.371856   0.289064 
800   0.084952   0.250912  0.374768   0.289368 
801   0.083912   0.250032  0.376976   0.28908 
802   0.084556   0.2486  0.377984   0.28886 
803   0.0829   0.247824  0.380408   0.288868 
804   0.081312   0.248408  0.381296   0.288984 
805   0.081208   0.249888  0.382284   0.28662 
806   0.082532   0.251588  0.38238   0.2835 
807   0.081324   0.25472  0.38264   0.281316 
808   0.08232   0.255204  0.382404   0.280072 
809   0.081932   0.257236  0.380884   0.279948 
810   0.082164   0.260416  0.378724   0.278696 
811   0.082176   0.261772  0.378012   0.27804 
812   0.081288   0.263244  0.377892   0.277576 
813   0.080824   0.264668  0.376908   0.2776 
814   0.082764   0.265372  0.375192   0.276672 
815   0.081088   0.267648  0.373628   0.277636 
816   0.08154   0.268128  0.372072   0.27826 
817   0.08094   0.269016  0.370972   0.279072 
818   0.082028   0.268276  0.368688   0.281008 
819   0.081844   0.267748  0.36712   0.283288 
820   0.08336   0.266908  0.365712   0.28402 
821   0.082024   0.26544  0.3663   0.286236 
822   0.081308   0.26468  0.366232   0.28778 
823   0.082808   0.264268  0.364736   0.288188 
824   0.083116   0.263052  0.364108   0.289724 
825   0.081564   0.26236  0.365468   0.290608 
826   0.082252   0.262428  0.364956   0.290364 
827   0.08308   0.261852  0.364644   0.290424 
828   0.08224   0.261316  0.365712   0.290732 
829   0.08182   0.26158  0.367288   0.289312 
830   0.082156   0.261244  0.368424   0.288176 
831   0.082072   0.261248  0.368676   0.288004 
832   0.082356   0.26004  0.370676   0.286928 
833   0.081896   0.257544  0.372932   0.287628 
834   0.082056   0.25558  0.375032   0.287332 
835   0.081416   0.252824  0.376336   0.289424 
836   0.08282   0.249572  0.377804   0.289804 
837   0.083224   0.248752  0.378676   0.289348 
838   0.08336   0.247344  0.379728   0.289568 
839   0.082564   0.247404  0.381208   0.288824 
840   0.082832   0.248252  0.381628   0.287288 
841   0.0828   0.248644  0.381836   0.28672 
842   0.083608   0.249016  0.382868   0.284508 
843   0.0841   0.249768  0.382968   0.283164 
844   0.085676   0.250868  0.38318   0.280276 
845   0.084708   0.253608  0.38238   0.279304 
846   0.083064   0.255924  0.381928   0.279084 
847   0.084652   0.256664  0.380552   0.278132 
848   0.084636   0.257512  0.379896   0.277956 
849   0.083916   0.257528  0.380384   0.278172 
850   0.085648   0.257644  0.37864   0.278068 
851   0.08378   0.259008  0.378032   0.27918 
852   0.084448   0.258628  0.377812   0.279112 
