0   0.151744   0.284564  0.281972   0.28172 
1   0.203432   0.268976  0.262556   0.265036 
2   0.221228   0.264108  0.253416   0.261248 
3   0.225528   0.263832  0.249992   0.260648 
4   0.22558   0.264992  0.246524   0.262904 
5   0.223464   0.265296  0.244896   0.266344 
6   0.222356   0.264804  0.2427   0.27014 
7   0.218476   0.26514  0.24228   0.274104 
8   0.215288   0.264792  0.24104   0.27888 
9   0.21212   0.26304  0.240832   0.284008 
10   0.20924   0.260144  0.24114   0.289476 
11   0.204936   0.257928  0.241928   0.295208 
12   0.20254   0.254616  0.242792   0.300052 
13   0.199128   0.251568  0.245244   0.30406 
14   0.195272   0.247652  0.248528   0.308548 
15   0.19354   0.242456  0.250504   0.3135 
16   0.190128   0.238404  0.2553   0.316168 
17   0.18752   0.2341  0.25966   0.31872 
18   0.184764   0.230188  0.265832   0.319216 
19   0.183216   0.226212  0.272152   0.31842 
20   0.18062   0.222704  0.27972   0.316956 
21   0.177216   0.22044  0.287184   0.31516 
22   0.17576   0.218664  0.29454   0.311036 
23   0.171872   0.217392  0.302716   0.30802 
24   0.167932   0.217272  0.31026   0.304536 
25   0.164492   0.217184  0.31796   0.300364 
26   0.1622   0.217496  0.325684   0.29462 
27   0.158612   0.21936  0.333612   0.288416 
28   0.154504   0.22186  0.34156   0.282076 
29   0.153496   0.224356  0.347508   0.27464 
30   0.150448   0.228108  0.353872   0.267572 
31   0.147352   0.23242  0.359496   0.260732 
32   0.144948   0.23704  0.363672   0.25434 
33   0.1438   0.241092  0.367584   0.247524 
34   0.14058   0.246696  0.370832   0.241892 
35   0.138728   0.251756  0.372308   0.237208 
36   0.13798   0.257252  0.3735   0.231268 
37   0.136256   0.262868  0.373744   0.227132 
38   0.134676   0.26742  0.373416   0.224488 
39   0.13194   0.272944  0.372528   0.222588 
40   0.130744   0.277856  0.370544   0.220856 
41   0.128504   0.283624  0.367532   0.22034 
42   0.127296   0.289876  0.36352   0.219308 
43   0.124812   0.295528  0.358916   0.220744 
44   0.124128   0.299896  0.353524   0.222452 
45   0.121756   0.305272  0.34792   0.225052 
46   0.121388   0.30974  0.34104   0.227832 
47   0.11938   0.313656  0.336276   0.230688 
48   0.118652   0.317052  0.329916   0.23438 
49   0.11718   0.320932  0.324364   0.237524 
50   0.117148   0.3231  0.318136   0.241616 
51   0.11536   0.32578  0.313248   0.245612 
52   0.113848   0.328864  0.307896   0.249392 
53   0.113812   0.330588  0.301192   0.254408 
54   0.111932   0.332776  0.295456   0.259836 
55   0.112132   0.333324  0.290016   0.264528 
56   0.111816   0.333808  0.285208   0.269168 
57   0.110596   0.3338  0.281196   0.274408 
58   0.110124   0.333148  0.276388   0.28034 
59   0.110404   0.331664  0.272636   0.285296 
60   0.109012   0.330484  0.269644   0.29086 
61   0.107248   0.328484  0.267456   0.296812 
62   0.107116   0.325216  0.265132   0.302536 
63   0.106952   0.32148  0.263564   0.308004 
64   0.106512   0.318392  0.261684   0.313412 
65   0.105272   0.315612  0.26094   0.318176 
66   0.105   0.31126  0.260988   0.322752 
67   0.103972   0.307756  0.26148   0.326792 
68   0.103892   0.303724  0.262172   0.330212 
69   0.103188   0.299112  0.26304   0.33466 
70   0.102112   0.294764  0.265136   0.337988 
71   0.101392   0.29002  0.267328   0.34126 
72   0.100776   0.28612  0.269792   0.343312 
73   0.100616   0.281276  0.272272   0.345836 
74   0.100804   0.276428  0.275416   0.347352 
75   0.101152   0.27172  0.278084   0.349044 
76   0.100532   0.267008  0.282248   0.350212 
77   0.099668   0.262928  0.285952   0.351452 
78   0.098276   0.259092  0.29082   0.351812 
79   0.098092   0.25472  0.294928   0.35226 
80   0.09692   0.250776  0.29928   0.353024 
81   0.09584   0.246548  0.304724   0.352888 
82   0.096112   0.242208  0.30994   0.35174 
83   0.096464   0.238492  0.313716   0.351328 
84   0.096528   0.234636  0.317896   0.35094 
85   0.096776   0.23108  0.322348   0.349796 
86   0.095804   0.228  0.327092   0.349104 
87   0.095564   0.2241  0.332448   0.347888 
88   0.095696   0.220412  0.337248   0.346644 
89   0.094988   0.217284  0.342772   0.344956 
90   0.094944   0.214184  0.347428   0.343444 
91   0.094796   0.211284  0.351984   0.341936 
92   0.094532   0.208972  0.356728   0.339768 
93   0.096112   0.206588  0.360048   0.337252 
94   0.094048   0.205696  0.364256   0.336 
95   0.09422   0.204392  0.367216   0.334172 
96   0.093744   0.2033  0.370088   0.332868 
97   0.093748   0.202468  0.372976   0.330808 
98   0.093092   0.2025  0.375252   0.329156 
99   0.092296   0.202208  0.378136   0.32736 
100   0.093708   0.201896  0.379348   0.325048 
101   0.091996   0.203468  0.3815   0.323036 
102   0.091348   0.204024  0.383424   0.321204 
103   0.090236   0.205184  0.385052   0.319528 
104   0.089816   0.206896  0.386568   0.31672 
105   0.089528   0.208188  0.388404   0.31388 
106   0.09022   0.209976  0.38888   0.310924 
107   0.090476   0.211736  0.389888   0.3079 
108   0.089904   0.214068  0.391092   0.304936 
109   0.091128   0.21608  0.391824   0.300968 
110   0.090884   0.217716  0.393116   0.298284 
111   0.09024   0.219272  0.394256   0.296232 
112   0.09068   0.22126  0.394288   0.293772 
113   0.091528   0.222292  0.394528   0.291652 
114   0.091776   0.223788  0.395364   0.289072 
115   0.092556   0.225232  0.395296   0.286916 
116   0.094472   0.225788  0.395768   0.283972 
117   0.093204   0.227924  0.396572   0.2823 
118   0.092968   0.229784  0.396936   0.280312 
119   0.094012   0.230308  0.396964   0.278716 
120   0.094056   0.231004  0.397296   0.277644 
121   0.09448   0.231756  0.397608   0.276156 
122   0.095012   0.232096  0.397744   0.275148 
123   0.094884   0.232276  0.397788   0.275052 
124   0.096088   0.233304  0.397844   0.272764 
125   0.09562   0.233804  0.398172   0.272404 
126   0.095216   0.23422  0.398208   0.272356 
127   0.094236   0.23404  0.398504   0.27322 
128   0.09448   0.234764  0.397924   0.272832 
129   0.0943   0.235664  0.396356   0.27368 
130   0.095504   0.235916  0.395096   0.273484 
131   0.094524   0.236348  0.394616   0.274512 
132   0.095632   0.236128  0.393488   0.274752 
133   0.095892   0.236564  0.392392   0.275152 
134   0.095604   0.236768  0.392296   0.275332 
135   0.095196   0.236556  0.391352   0.276896 
136   0.09582   0.236224  0.391088   0.276868 
137   0.095864   0.236044  0.3902   0.277892 
138   0.09502   0.235336  0.38976   0.279884 
139   0.094972   0.23496  0.388308   0.28176 
140   0.0958   0.234664  0.387208   0.282328 
141   0.095332   0.234512  0.386408   0.283748 
142   0.095836   0.233836  0.385796   0.284532 
143   0.095752   0.233132  0.385996   0.28512 
144   0.095664   0.233284  0.385632   0.28542 
145   0.096672   0.23228  0.385652   0.285396 
146   0.09748   0.23134  0.385768   0.285412 
147   0.097384   0.230296  0.386176   0.286144 
148   0.09746   0.229204  0.38648   0.286856 
149   0.097504   0.22848  0.386832   0.287184 
150   0.097876   0.227048  0.387416   0.28766 
151   0.098088   0.22582  0.387876   0.288216 
152   0.098252   0.223816  0.389008   0.288924 
153   0.098916   0.222308  0.389668   0.289108 
154   0.098644   0.221024  0.391116   0.289216 
155   0.098912   0.219912  0.391508   0.289668 
156   0.099524   0.2184  0.393328   0.288748 
157   0.099276   0.217232  0.394648   0.288844 
158   0.09892   0.21634  0.3961   0.28864 
159   0.098604   0.215616  0.397776   0.288004 
160   0.098776   0.215156  0.39886   0.287208 
161   0.100044   0.214764  0.400092   0.2851 
162   0.098556   0.215456  0.400976   0.285012 
163   0.098688   0.2152  0.40234   0.283772 
164   0.098564   0.21458  0.404092   0.282764 
165   0.098864   0.214608  0.405012   0.281516 
166   0.099004   0.214436  0.406016   0.280544 
167   0.098816   0.214372  0.40694   0.279872 
168   0.098512   0.214444  0.408192   0.278852 
169   0.097768   0.21412  0.409868   0.278244 
170   0.097872   0.214968  0.4105   0.27666 
171   0.09848   0.215388  0.411268   0.274864 
172   0.098952   0.216596  0.4113   0.273152 
173   0.098976   0.217088  0.41244   0.271496 
174   0.098944   0.218816  0.413476   0.268764 
175   0.099336   0.219668  0.414136   0.26686 
176   0.099372   0.22102  0.414876   0.264732 
177   0.099444   0.222384  0.415748   0.262424 
178   0.098324   0.22386  0.41626   0.261556 
179   0.098244   0.226212  0.4163   0.259244 
180   0.099676   0.227544  0.416232   0.256548 
181   0.09868   0.229408  0.417092   0.25482 
182   0.098432   0.23094  0.417616   0.253012 
183   0.098012   0.233156  0.417336   0.251496 
184   0.09886   0.234584  0.416556   0.25 
185   0.098428   0.23624  0.416516   0.248816 
186   0.099656   0.237156  0.416076   0.247112 
187   0.099556   0.23878  0.415652   0.246012 
188   0.099116   0.239696  0.415204   0.245984 
189   0.09884   0.241044  0.414424   0.245692 
190   0.099268   0.242712  0.41342   0.2446 
191   0.09976   0.24408  0.412724   0.243436 
192   0.098964   0.245464  0.41154   0.244032 
193   0.1002   0.24642  0.408952   0.244428 
194   0.09992   0.248492  0.405972   0.245616 
195   0.099948   0.250356  0.4035   0.246196 
196   0.099976   0.25286  0.40084   0.246324 
197   0.100208   0.254512  0.397752   0.247528 
198   0.099564   0.256748  0.39512   0.248568 
199   0.100456   0.258612  0.391796   0.249136 
200   0.099404   0.260844  0.389036   0.250716 
201   0.099732   0.26234  0.38684   0.251088 
202   0.10094   0.263992  0.382552   0.252516 
203   0.1016   0.265492  0.379948   0.25296 
204   0.100192   0.268056  0.377216   0.254536 
205   0.100508   0.268876  0.374324   0.256292 
206   0.099668   0.270268  0.372004   0.25806 
207   0.100908   0.270764  0.36888   0.259448 
208   0.101352   0.272088  0.365604   0.260956 
209   0.101488   0.272456  0.362648   0.263408 
210   0.10266   0.273088  0.3594   0.264852 
211   0.102248   0.273904  0.356344   0.267504 
212   0.101944   0.27502  0.352984   0.270052 
213   0.102612   0.274716  0.35018   0.272492 
214   0.103572   0.274612  0.347312   0.274504 
215   0.102428   0.274244  0.345636   0.277692 
216   0.103256   0.273296  0.343408   0.28004 
217   0.102344   0.273552  0.341308   0.282796 
218   0.102664   0.273068  0.339956   0.284312 
219   0.103088   0.271992  0.338692   0.286228 
220   0.103492   0.27072  0.337128   0.28866 
221   0.103176   0.269424  0.335936   0.291464 
222   0.102772   0.26866  0.33476   0.293808 
223   0.102416   0.267956  0.334336   0.295292 
224   0.102404   0.26736  0.332456   0.29778 
225   0.1021   0.266932  0.331756   0.299212 
226   0.102552   0.265468  0.331112   0.300868 
227   0.10256   0.264104  0.330712   0.302624 
228   0.102164   0.26362  0.329796   0.30442 
229   0.10284   0.26178  0.329348   0.306032 
230   0.102356   0.260644  0.329828   0.307172 
231   0.102496   0.259532  0.330112   0.30786 
232   0.103224   0.25786  0.33074   0.308176 
233   0.1035   0.25558  0.331604   0.309316 
234   0.103028   0.25366  0.332676   0.310636 
235   0.103688   0.251688  0.334296   0.310328 
236   0.104492   0.249776  0.335864   0.309868 
237   0.104596   0.247636  0.337676   0.310092 
238   0.10354   0.24576  0.340424   0.310276 
239   0.103076   0.243404  0.343488   0.310032 
240   0.103208   0.24164  0.345476   0.309676 
241   0.102572   0.239504  0.34828   0.309644 
242   0.102564   0.237832  0.350608   0.308996 
243   0.102536   0.236676  0.352448   0.30834 
244   0.1022   0.235588  0.355372   0.30684 
245   0.102436   0.234216  0.357692   0.305656 
246   0.102948   0.233036  0.3594   0.304616 
247   0.103408   0.232588  0.361316   0.302688 
248   0.101976   0.232172  0.364464   0.301388 
249   0.102836   0.23116  0.365936   0.300068 
250   0.1024   0.231176  0.368088   0.298336 
251   0.102664   0.231584  0.369512   0.29624 
252   0.10184   0.232228  0.371868   0.294064 
253   0.101772   0.232232  0.37354   0.292456 
254   0.101792   0.233152  0.37474   0.290316 
255   0.10142   0.2336  0.376488   0.288492 
256   0.101248   0.234484  0.377508   0.28676 
257   0.100836   0.235896  0.378616   0.284652 
258   0.102196   0.236496  0.379384   0.281924 
259   0.101892   0.23638  0.380884   0.280844 
260   0.102044   0.236428  0.382732   0.278796 
261   0.102844   0.236488  0.38368   0.276988 
262   0.1024   0.236236  0.385952   0.275412 
263   0.102552   0.236276  0.387352   0.27382 
264   0.102656   0.23658  0.388468   0.272296 
265   0.102772   0.237196  0.38924   0.270792 
266   0.102264   0.238044  0.389644   0.270048 
267   0.101032   0.239012  0.390624   0.269332 
268   0.100732   0.239444  0.391088   0.268736 
269   0.099436   0.240788  0.391852   0.267924 
270   0.098612   0.24222  0.391872   0.267296 
271   0.099024   0.243336  0.3915   0.26614 
272   0.098052   0.244372  0.390776   0.2668 
273   0.097076   0.245528  0.391124   0.266272 
274   0.096292   0.246192  0.391164   0.266352 
275   0.097264   0.246644  0.389688   0.266404 
276   0.097088   0.246784  0.389524   0.266604 
277   0.096508   0.248184  0.388372   0.266936 
278   0.09606   0.24914  0.38776   0.26704 
279   0.0974   0.2493  0.3858   0.2675 
280   0.096664   0.250228  0.384364   0.268744 
281   0.09794   0.250368  0.382916   0.268776 
282   0.098376   0.250188  0.381448   0.269988 
283   0.097884   0.250968  0.379836   0.271312 
284   0.097836   0.251176  0.379016   0.271972 
285   0.098612   0.25078  0.377424   0.273184 
286   0.099312   0.251176  0.374772   0.27474 
287   0.098636   0.251848  0.373588   0.275928 
288   0.098028   0.25248  0.372384   0.277108 
289   0.09866   0.25238  0.371096   0.277864 
290   0.100076   0.252108  0.369488   0.278328 
291   0.100416   0.25244  0.36836   0.278784 
292   0.100308   0.252776  0.3677   0.279216 
293   0.100232   0.253124  0.367164   0.27948 
294   0.100652   0.252848  0.366148   0.280352 
295   0.10118   0.252632  0.365364   0.280824 
296   0.101848   0.253088  0.364872   0.280192 
297   0.102628   0.25306  0.363948   0.280364 
298   0.102488   0.252952  0.36392   0.28064 
299   0.10272   0.252652  0.363244   0.281384 
300   0.101628   0.252512  0.363664   0.282196 
301   0.101244   0.252024  0.364012   0.28272 
302   0.100804   0.251632  0.364136   0.283428 
303   0.10112   0.251872  0.363152   0.283856 
304   0.10072   0.251292  0.363368   0.28462 
305   0.101232   0.250136  0.36346   0.285172 
306   0.101572   0.249524  0.362656   0.286248 
307   0.100936   0.24778  0.3636   0.287684 
308   0.100264   0.246788  0.364   0.288948 
309   0.100716   0.24576  0.363908   0.289616 
310   0.101256   0.243244  0.365096   0.290404 
311   0.10078   0.241328  0.367064   0.290828 
312   0.100336   0.239508  0.368164   0.291992 
313   0.101208   0.236184  0.369536   0.293072 
314   0.100544   0.23492  0.37052   0.294016 
315   0.100888   0.233432  0.371132   0.294548 
316   0.100744   0.231736  0.372356   0.295164 
317   0.100716   0.229948  0.372992   0.296344 
318   0.100576   0.228136  0.374464   0.296824 
319   0.102096   0.226176  0.374932   0.296796 
320   0.101348   0.225044  0.376004   0.297604 
321   0.101372   0.223836  0.377192   0.2976 
322   0.101508   0.2227  0.37836   0.297432 
323   0.10062   0.221492  0.380504   0.297384 
324   0.100112   0.22086  0.381668   0.29736 
325   0.10068   0.220232  0.382888   0.2962 
326   0.101184   0.220252  0.383784   0.29478 
327   0.101412   0.22014  0.385424   0.293024 
328   0.10134   0.220396  0.38638   0.291884 
329   0.101884   0.219976  0.38804   0.2901 
330   0.10192   0.219688  0.389484   0.288908 
331   0.101236   0.219708  0.391268   0.287788 
332   0.101636   0.219708  0.392388   0.286268 
333   0.101324   0.219528  0.394496   0.284652 
334   0.101304   0.219284  0.395884   0.283528 
335   0.101308   0.219156  0.397808   0.281728 
336   0.102464   0.218496  0.398972   0.280068 
337   0.101972   0.218644  0.400456   0.278928 
338   0.101076   0.219272  0.40174   0.277912 
339   0.101496   0.219624  0.402268   0.276612 
340   0.10258   0.219724  0.40298   0.274716 
341   0.10162   0.220228  0.404192   0.27396 
342   0.101288   0.220788  0.404852   0.273072 
343   0.101328   0.221164  0.405688   0.27182 
344   0.101252   0.221784  0.406352   0.270612 
345   0.101944   0.22348  0.40598   0.268596 
346   0.101636   0.224696  0.405784   0.267884 
347   0.101892   0.225528  0.405536   0.267044 
348   0.102004   0.2261  0.404908   0.266988 
349   0.102364   0.227356  0.404064   0.266216 
350   0.100864   0.229256  0.404228   0.265652 
351   0.101364   0.230444  0.403304   0.264888 
352   0.101828   0.231696  0.402216   0.26426 
353   0.102792   0.232504  0.399912   0.264792 
354   0.102816   0.234736  0.398152   0.264296 
355   0.103044   0.236444  0.396612   0.2639 
356   0.103244   0.238204  0.394936   0.263616 
357   0.104152   0.240056  0.39286   0.262932 
358   0.103436   0.24198  0.39124   0.263344 
359   0.10422   0.243052  0.389456   0.263272 
360   0.103748   0.245132  0.388284   0.262836 
361   0.103236   0.247672  0.3864   0.262692 
362   0.103176   0.249376  0.384464   0.262984 
363   0.10324   0.251196  0.382432   0.263132 
364   0.102972   0.252664  0.380412   0.263952 
365   0.102808   0.254212  0.378764   0.264216 
366   0.102688   0.256332  0.376712   0.264268 
367   0.102288   0.257312  0.375112   0.265288 
368   0.103536   0.257368  0.37352   0.265576 
369   0.103016   0.257808  0.372824   0.266352 
370   0.10286   0.25742  0.372244   0.267476 
371   0.103364   0.257348  0.370924   0.268364 
372   0.103752   0.25694  0.369836   0.269472 
373   0.102472   0.256296  0.369244   0.271988 
374   0.101616   0.256608  0.368104   0.273672 
375   0.102496   0.25498  0.367032   0.275492 
376   0.102868   0.2536  0.366812   0.27672 
377   0.10382   0.25198  0.365756   0.278444 
378   0.105024   0.249828  0.365348   0.2798 
379   0.104444   0.248556  0.365108   0.281892 
380   0.102984   0.246604  0.365624   0.284788 
381   0.103016   0.245464  0.36476   0.28676 
382   0.103364   0.24378  0.36446   0.288396 
383   0.103648   0.242572  0.364096   0.289684 
384   0.103648   0.240828  0.364532   0.290992 
385   0.102808   0.239716  0.364416   0.29306 
386   0.103652   0.238068  0.36462   0.29366 
387   0.103628   0.237192  0.364188   0.294992 
388   0.103068   0.236468  0.36492   0.295544 
389   0.10372   0.234624  0.365672   0.295984 
390   0.102712   0.234624  0.36618   0.296484 
391   0.103556   0.233088  0.367236   0.29612 
392   0.102668   0.23268  0.367732   0.29692 
393   0.102904   0.232076  0.367772   0.297248 
394   0.103476   0.231184  0.367744   0.297596 
395   0.103632   0.230744  0.368376   0.297248 
396   0.103424   0.229724  0.369524   0.297328 
397   0.10346   0.229588  0.370292   0.29666 
398   0.103668   0.229436  0.371272   0.295624 
399   0.104356   0.22822  0.372892   0.294532 
400   0.104536   0.228364  0.374504   0.292596 
401   0.10244   0.228732  0.376992   0.291836 
402   0.103612   0.228456  0.377532   0.2904 
403   0.104252   0.227828  0.379136   0.288784 
404   0.104864   0.227196  0.380688   0.287252 
405   0.104604   0.226436  0.382416   0.286544 
406   0.1047   0.226092  0.383372   0.285836 
407   0.105216   0.226372  0.385404   0.283008 
408   0.105476   0.225676  0.386876   0.281972 
409   0.104664   0.22596  0.387956   0.28142 
410   0.1047   0.226456  0.388548   0.280296 
411   0.104532   0.226956  0.389652   0.27886 
412   0.10482   0.227632  0.389524   0.278024 
413   0.104608   0.22862  0.389256   0.277516 
414   0.10464   0.229012  0.389468   0.27688 
415   0.10396   0.229996  0.39008   0.275964 
416   0.102864   0.231748  0.390076   0.275312 
417   0.102644   0.232564  0.389636   0.275156 
418   0.102924   0.233324  0.388876   0.274876 
419   0.102464   0.234532  0.387968   0.275036 
420   0.10144   0.236112  0.387708   0.27474 
421   0.101248   0.237948  0.38654   0.274264 
422   0.10202   0.239732  0.385008   0.27324 
423   0.101064   0.24216  0.383496   0.27328 
424   0.100848   0.244936  0.381648   0.272568 
425   0.100724   0.246316  0.380868   0.272092 
426   0.100576   0.248592  0.37938   0.271452 
427   0.100072   0.250964  0.37788   0.271084 
428   0.100612   0.25258  0.376156   0.270652 
429   0.101652   0.2538  0.374632   0.269916 
430   0.101584   0.255152  0.373756   0.269508 
431   0.101768   0.257116  0.372924   0.268192 
432   0.100508   0.258904  0.37184   0.268748 
433   0.100164   0.260492  0.370476   0.268868 
434   0.100432   0.262152  0.36916   0.268256 
435   0.101248   0.26302  0.36798   0.267752 
436   0.101788   0.26338  0.366844   0.267988 
437   0.102116   0.263872  0.366488   0.267524 
438   0.1023   0.264388  0.366384   0.266928 
439   0.102164   0.264632  0.36644   0.266764 
440   0.102256   0.265552  0.36556   0.266632 
441   0.10256   0.265336  0.365696   0.266408 
442   0.10214   0.265268  0.365576   0.267016 
443   0.101916   0.264732  0.365384   0.267968 
444   0.102256   0.2636  0.364576   0.269568 
445   0.10144   0.262928  0.364812   0.27082 
446   0.102204   0.261792  0.364656   0.271348 
447   0.101392   0.26014  0.3648   0.273668 
448   0.100168   0.259228  0.364752   0.275852 
449   0.100324   0.257292  0.364696   0.277688 
450   0.100528   0.255876  0.364332   0.279264 
451   0.1007   0.254316  0.364392   0.280592 
452   0.100432   0.252328  0.364788   0.282452 
453   0.100256   0.250124  0.364524   0.285096 
454   0.100356   0.24868  0.364024   0.28694 
455   0.100436   0.246796  0.36364   0.289128 
456   0.10078   0.244172  0.36332   0.291728 
457   0.10032   0.242172  0.363916   0.293592 
458   0.100392   0.240264  0.364568   0.294776 
459   0.099244   0.23886  0.36592   0.295976 
460   0.099064   0.237532  0.366648   0.296756 
461   0.099076   0.235832  0.368084   0.297008 
462   0.099488   0.234308  0.368992   0.297212 
463   0.100128   0.233064  0.369344   0.297464 
464   0.099516   0.232516  0.370524   0.297444 
465   0.100196   0.231672  0.371116   0.297016 
466   0.099792   0.231348  0.371792   0.297068 
467   0.099288   0.231492  0.373084   0.296136 
468   0.098744   0.231264  0.374804   0.295188 
469   0.099112   0.23062  0.376256   0.294012 
470   0.099276   0.231208  0.376888   0.292628 
471   0.099704   0.231124  0.37786   0.291312 
472   0.100044   0.231664  0.378944   0.289348 
473   0.099296   0.232768  0.37974   0.288196 
474   0.09952   0.233432  0.380632   0.286416 
475   0.098996   0.233996  0.381204   0.285804 
476   0.0995   0.234488  0.381612   0.2844 
477   0.100376   0.234736  0.382524   0.282364 
478   0.100352   0.235208  0.383832   0.280608 
479   0.099796   0.236012  0.384908   0.279284 
480   0.09986   0.236136  0.385604   0.2784 
481   0.099208   0.237376  0.38646   0.276956 
482   0.099556   0.237036  0.387284   0.276124 
483   0.100188   0.237032  0.388056   0.274724 
484   0.099408   0.237152  0.388872   0.274568 
485   0.09824   0.237952  0.389104   0.274704 
486   0.098716   0.238364  0.388668   0.274252 
487   0.099116   0.239236  0.388412   0.273236 
488   0.099044   0.240284  0.38858   0.272092 
489   0.09976   0.240628  0.387564   0.272048 
490   0.099676   0.241056  0.386648   0.27262 
491   0.099632   0.241248  0.386468   0.272652 
492   0.09928   0.242596  0.385756   0.272368 
493   0.09936   0.243684  0.38452   0.272436 
494   0.099348   0.244  0.383604   0.273048 
495   0.100248   0.243564  0.382144   0.274044 
496   0.099596   0.244776  0.381068   0.27456 
497   0.09912   0.245644  0.379652   0.275584 
498   0.100016   0.244752  0.37836   0.276872 
499   0.099404   0.245648  0.376744   0.278204 
500   0.099244   0.246136  0.375708   0.278912 
501   0.099448   0.246228  0.3737   0.280624 
502   0.100056   0.246352  0.371604   0.281988 
503   0.101916   0.245032  0.369484   0.283568 
504   0.101652   0.245008  0.368436   0.284904 
505   0.10076   0.24522  0.36758   0.28644 
506   0.100532   0.24498  0.366608   0.28788 
507   0.101284   0.244512  0.365512   0.288692 
508   0.102464   0.242832  0.364228   0.290476 
509   0.101972   0.241552  0.364268   0.292208 
510   0.102256   0.240568  0.363412   0.293764 
511   0.102264   0.23972  0.362972   0.295044 
512   0.101464   0.239032  0.36248   0.297024 
513   0.102004   0.238188  0.362016   0.297792 
514   0.102724   0.236316  0.362684   0.298276 
515   0.10174   0.234728  0.363636   0.299896 
516   0.101636   0.23372  0.364416   0.300228 
517   0.101524   0.232072  0.36492   0.301484 
518   0.102268   0.230728  0.36446   0.302544 
519   0.101512   0.229728  0.365592   0.303168 
520   0.101736   0.228104  0.366376   0.303784 
521   0.101792   0.226024  0.367664   0.30452 
522   0.1013   0.225156  0.368308   0.305236 
523   0.101868   0.223628  0.369676   0.304828 
524   0.101332   0.222092  0.371232   0.305344 
525   0.100868   0.220252  0.37304   0.30584 
526   0.099944   0.219248  0.374724   0.306084 
527   0.099672   0.218232  0.37616   0.305936 
528   0.099176   0.217772  0.378504   0.304548 
529   0.098332   0.217924  0.37998   0.303764 
530   0.097876   0.21838  0.381668   0.302076 
531   0.09782   0.218816  0.383476   0.299888 
532   0.098204   0.2195  0.384948   0.297348 
533   0.097844   0.220544  0.387044   0.294568 
534   0.098144   0.221176  0.389048   0.291632 
535   0.097724   0.222284  0.391676   0.288316 
536   0.098036   0.22378  0.394012   0.284172 
537   0.097848   0.225112  0.396028   0.281012 
538   0.098532   0.226312  0.39788   0.277276 
539   0.097944   0.227952  0.399716   0.274388 
540   0.097256   0.230304  0.40172   0.27072 
541   0.097532   0.232216  0.403044   0.267208 
542   0.097352   0.23338  0.404988   0.26428 
543   0.097176   0.234436  0.406324   0.262064 
544   0.097412   0.235676  0.407844   0.259068 
545   0.097804   0.236504  0.40906   0.256632 
546   0.09692   0.237844  0.410524   0.254712 
547   0.09704   0.238256  0.411908   0.252796 
548   0.097452   0.23836  0.412936   0.251252 
549   0.098888   0.23922  0.41208   0.249812 
550   0.0978   0.240056  0.411776   0.250368 
551   0.098132   0.240348  0.411732   0.249788 
552   0.09758   0.241572  0.411488   0.24936 
553   0.097768   0.242224  0.41102   0.248988 
554   0.097516   0.243556  0.40948   0.249448 
555   0.096784   0.244996  0.40836   0.24986 
556   0.097512   0.24588  0.406704   0.249904 
557   0.097604   0.247536  0.403708   0.251152 
558   0.097192   0.249068  0.401628   0.252112 
559   0.097144   0.249528  0.398744   0.254584 
560   0.097112   0.250956  0.396156   0.255776 
561   0.097536   0.252264  0.392228   0.257972 
562   0.097036   0.253992  0.389172   0.2598 
563   0.0985   0.255392  0.384892   0.261216 
564   0.09818   0.256804  0.381852   0.263164 
565   0.098672   0.257308  0.377904   0.266116 
566   0.099848   0.2589  0.373132   0.26812 
567   0.098784   0.260496  0.369312   0.271408 
568   0.100072   0.260804  0.364864   0.27426 
569   0.100932   0.260768  0.361872   0.276428 
570   0.102064   0.260576  0.358112   0.279248 
571   0.101516   0.260928  0.35522   0.282336 
572   0.100672   0.260628  0.352996   0.285704 
573   0.101104   0.260744  0.350188   0.287964 
574   0.102332   0.259564  0.34692   0.291184 
575   0.103032   0.258544  0.3442   0.294224 
576   0.102904   0.257916  0.342052   0.297128 
577   0.102208   0.257428  0.339948   0.300416 
578   0.102296   0.257292  0.337648   0.302764 
579   0.102264   0.25626  0.336508   0.304968 
580   0.102724   0.255032  0.33496   0.307284 
581   0.1037   0.25398  0.333028   0.309292 
582   0.102808   0.252884  0.333208   0.3111 
583   0.102644   0.25168  0.332616   0.31306 
584   0.103224   0.249716  0.332708   0.314352 
585   0.103768   0.247928  0.333076   0.315228 
586   0.102892   0.246976  0.33344   0.316692 
587   0.103056   0.24542  0.333928   0.317596 
588   0.10276   0.243636  0.334876   0.318728 
589   0.102924   0.241776  0.336304   0.318996 
590   0.10254   0.239528  0.33816   0.319772 
591   0.102108   0.238088  0.340288   0.319516 
592   0.10248   0.236528  0.342152   0.31884 
593   0.101664   0.235364  0.344512   0.31846 
594   0.102852   0.23356  0.346716   0.316872 
595   0.101216   0.23276  0.349868   0.316156 
596   0.101672   0.231892  0.351696   0.31474 
597   0.101152   0.231324  0.354728   0.312796 
598   0.101696   0.23092  0.357348   0.310036 
599   0.10074   0.231096  0.360572   0.307592 
600   0.100792   0.230652  0.36358   0.304976 
601   0.101692   0.230016  0.366488   0.301804 
602   0.10064   0.229756  0.369836   0.299768 
603   0.099504   0.229984  0.373236   0.297276 
604   0.09968   0.230344  0.375848   0.294128 
605   0.098404   0.230356  0.379464   0.291776 
606   0.098184   0.230284  0.38194   0.289592 
607   0.097312   0.23048  0.38462   0.287588 
608   0.096308   0.230612  0.38714   0.28594 
609   0.09696   0.230268  0.38904   0.283732 
610   0.096836   0.23116  0.391076   0.280928 
611   0.096804   0.231188  0.392936   0.279072 
612   0.097056   0.230232  0.395076   0.277636 
613   0.097288   0.229984  0.396616   0.276112 
614   0.09848   0.2294  0.397364   0.274756 
615   0.097988   0.229384  0.399264   0.273364 
616   0.097168   0.22986  0.40004   0.272932 
617   0.097892   0.229832  0.400528   0.271748 
618   0.097752   0.230312  0.401328   0.270608 
619   0.097656   0.230692  0.402144   0.269508 
620   0.097308   0.230928  0.40292   0.268844 
621   0.098432   0.230884  0.40322   0.267464 
622   0.097944   0.231556  0.403332   0.267168 
623   0.098512   0.231556  0.403064   0.266868 
624   0.097456   0.23186  0.403536   0.267148 
625   0.096916   0.233064  0.403028   0.266992 
626   0.095568   0.23468  0.402564   0.267188 
627   0.095756   0.236312  0.4009   0.267032 
628   0.096216   0.238048  0.399848   0.265888 
629   0.09632   0.238996  0.398424   0.26626 
630   0.0969   0.240544  0.396732   0.265824 
631   0.096004   0.24246  0.395084   0.266452 
632   0.095792   0.244676  0.393372   0.26616 
633   0.097688   0.246176  0.390684   0.265452 
634   0.0976   0.248588  0.388472   0.26534 
635   0.098352   0.250272  0.3857   0.265676 
636   0.097596   0.252912  0.38356   0.265932 
637   0.098124   0.253788  0.381952   0.266136 
638   0.098604   0.254984  0.380392   0.26602 
639   0.09854   0.256384  0.378544   0.266532 
640   0.100076   0.25698  0.376308   0.266636 
641   0.099664   0.25834  0.374332   0.267664 
642   0.099272   0.259168  0.372712   0.268848 
643   0.100384   0.259852  0.371088   0.268676 
644   0.100688   0.260996  0.369576   0.26874 
645   0.10102   0.261092  0.368036   0.269852 
646   0.10006   0.26166  0.367896   0.270384 
647   0.09944   0.262056  0.367816   0.270688 
648   0.099656   0.2619  0.3674   0.271044 
649   0.099552   0.26112  0.367064   0.272264 
650   0.100924   0.260764  0.366208   0.272104 
651   0.1006   0.260392  0.366152   0.272856 
652   0.10066   0.25952  0.365872   0.273948 
653   0.101432   0.258684  0.366048   0.273836 
654   0.09988   0.25852  0.36588   0.27572 
655   0.100368   0.257444  0.365596   0.276592 
656   0.09974   0.256636  0.366044   0.27758 
657   0.100988   0.255264  0.365636   0.278112 
658   0.099808   0.254448  0.366208   0.279536 
659   0.099584   0.253192  0.365676   0.281548 
660   0.09992   0.252052  0.365156   0.282872 
661   0.1004   0.2505  0.365296   0.283804 
662   0.099364   0.249488  0.365844   0.285304 
663   0.098852   0.248384  0.366636   0.286128 
664   0.09906   0.247776  0.36646   0.286704 
665   0.098736   0.247036  0.366948   0.28728 
666   0.098816   0.246424  0.367092   0.287668 
667   0.098608   0.245448  0.367084   0.28886 
668   0.0996   0.244108  0.366676   0.289616 
669   0.100008   0.243188  0.36718   0.289624 
670   0.100196   0.243104  0.368052   0.288648 
671   0.100868   0.242484  0.36844   0.288208 
672   0.101196   0.241684  0.368952   0.288168 
673   0.101228   0.240844  0.369876   0.288052 
674   0.100892   0.240696  0.371028   0.287384 
675   0.100088   0.240556  0.372528   0.286828 
676   0.10052   0.240908  0.372724   0.285848 
677   0.100216   0.241152  0.373168   0.285464 
678   0.10016   0.240336  0.373972   0.285532 
679   0.09928   0.239724  0.375244   0.285752 
680   0.100556   0.239308  0.375324   0.284812 
681   0.100052   0.239196  0.376216   0.284536 
682   0.100052   0.23914  0.377036   0.283772 
683   0.101136   0.238784  0.377372   0.282708 
684   0.101412   0.239252  0.377052   0.282284 
685   0.100508   0.240596  0.37838   0.280516 
686   0.100312   0.24128  0.378844   0.279564 
687   0.10014   0.24246  0.378148   0.279252 
688   0.100008   0.243068  0.37846   0.278464 
689   0.099756   0.244456  0.3785   0.277288 
690   0.100092   0.245336  0.378344   0.276228 
691   0.1004   0.246564  0.377508   0.275528 
692   0.099796   0.247528  0.37726   0.275416 
693   0.100028   0.24768  0.377784   0.274508 
694   0.10032   0.248052  0.377408   0.27422 
695   0.100808   0.248964  0.377032   0.273196 
696   0.100632   0.249304  0.37758   0.272484 
697   0.102016   0.24882  0.37712   0.272044 
698   0.102204   0.249212  0.37644   0.272144 
699   0.1025   0.249404  0.375792   0.272304 
700   0.10312   0.24936  0.37518   0.27234 
701   0.101856   0.250124  0.374864   0.273156 
702   0.101632   0.250708  0.374068   0.273592 
703   0.101296   0.25116  0.373264   0.27428 
704   0.100808   0.251196  0.373328   0.274668 
705   0.101388   0.250756  0.372668   0.275188 
706   0.10224   0.250704  0.37196   0.275096 
707   0.102176   0.249908  0.37148   0.276436 
708   0.102112   0.249384  0.370228   0.278276 
709   0.101828   0.249176  0.369452   0.279544 
710   0.10276   0.248452  0.368492   0.280296 
711   0.102468   0.24862  0.368096   0.280816 
712   0.103616   0.247556  0.36674   0.282088 
713   0.103512   0.246764  0.366392   0.283332 
714   0.104688   0.24564  0.365088   0.284584 
715   0.10408   0.2452  0.364292   0.286428 
716   0.104392   0.244292  0.364068   0.287248 
717   0.104196   0.2422  0.364108   0.289496 
718   0.104048   0.240204  0.365092   0.290656 
719   0.103876   0.238628  0.365936   0.29156 
720   0.103936   0.237336  0.365704   0.293024 
721   0.1045   0.23592  0.365856   0.293724 
722   0.105008   0.234908  0.36562   0.294464 
723   0.103864   0.233716  0.366888   0.295532 
724   0.104476   0.23244  0.366624   0.29646 
725   0.103876   0.231312  0.366624   0.298188 
726   0.104672   0.230312  0.366768   0.298248 
727   0.103848   0.230044  0.36754   0.298568 
728   0.104272   0.229292  0.367552   0.298884 
729   0.103668   0.228076  0.368232   0.300024 
730   0.103224   0.227852  0.368768   0.300156 
731   0.103912   0.226988  0.368608   0.300492 
732   0.103092   0.227028  0.369556   0.300324 
733   0.104032   0.226484  0.369768   0.299716 
734   0.10374   0.226892  0.370188   0.29918 
735   0.10424   0.227368  0.369704   0.298688 
736   0.1047   0.227064  0.370348   0.297888 
737   0.103576   0.228144  0.371116   0.297164 
738   0.103808   0.22836  0.371872   0.29596 
739   0.104188   0.229456  0.372176   0.29418 
740   0.103592   0.231048  0.373228   0.292132 
741   0.1047   0.231724  0.373744   0.289832 
742   0.1043   0.233108  0.374752   0.28784 
743   0.104304   0.234416  0.375596   0.285684 
744   0.104704   0.235944  0.375404   0.283948 
745   0.10516   0.237304  0.374772   0.282764 
746   0.105152   0.238972  0.375152   0.280724 
747   0.105532   0.240608  0.374936   0.278924 
748   0.10498   0.24184  0.376   0.27718 
749   0.104528   0.242596  0.376808   0.276068 
750   0.104844   0.243848  0.377176   0.274132 
751   0.104896   0.244684  0.377876   0.272544 
752   0.104644   0.246464  0.377796   0.271096 
753   0.10368   0.247448  0.378948   0.269924 
754   0.102868   0.24792  0.379844   0.269368 
755   0.102512   0.248892  0.380744   0.267852 
756   0.102092   0.250032  0.381092   0.266784 
757   0.10148   0.251576  0.381396   0.265548 
758   0.102364   0.252056  0.381564   0.264016 
759   0.101264   0.25238  0.381868   0.264488 
760   0.101884   0.252496  0.382236   0.263384 
761   0.102028   0.252528  0.381664   0.26378 
762   0.101804   0.252324  0.381804   0.264068 
763   0.101068   0.252948  0.381664   0.26432 
764   0.101692   0.252564  0.380984   0.26476 
765   0.102332   0.252584  0.380052   0.265032 
766   0.102544   0.253064  0.379108   0.265284 
767   0.101152   0.253552  0.378972   0.266324 
768   0.100924   0.253304  0.378172   0.2676 
769   0.100904   0.25306  0.377768   0.268268 
770   0.10172   0.252004  0.377628   0.268648 
771   0.101824   0.251976  0.375852   0.270348 
772   0.101372   0.251344  0.375648   0.271636 
773   0.101184   0.251284  0.374956   0.272576 
774   0.101   0.251876  0.3747   0.272424 
775   0.102516   0.251212  0.373452   0.27282 
776   0.10196   0.251652  0.372212   0.274176 
777   0.101752   0.252424  0.371364   0.27446 
778   0.102108   0.252404  0.370404   0.275084 
779   0.102024   0.252724  0.369924   0.275328 
780   0.10176   0.253436  0.369008   0.275796 
781   0.102436   0.25318  0.367608   0.276776 
782   0.102064   0.253476  0.36742   0.27704 
783   0.102244   0.253956  0.367044   0.276756 
784   0.101448   0.25466  0.367144   0.276748 
785   0.102508   0.254776  0.36586   0.276856 
786   0.102232   0.2549  0.364992   0.277876 
787   0.10164   0.255444  0.364428   0.278488 
788   0.101756   0.255128  0.364148   0.278968 
789   0.102068   0.255264  0.363724   0.278944 
790   0.10164   0.255428  0.36296   0.279972 
791   0.102616   0.254656  0.3617   0.281028 
792   0.102704   0.255228  0.360684   0.281384 
793   0.102028   0.255324  0.360548   0.2821 
794   0.102912   0.2546  0.360276   0.282212 
795   0.102352   0.254456  0.360608   0.282584 
796   0.102308   0.254232  0.360436   0.283024 
797   0.102584   0.254044  0.360252   0.28312 
798   0.102548   0.254024  0.360488   0.28294 
799   0.101892   0.253964  0.361304   0.28284 
800   0.101896   0.253404  0.3617   0.283 
801   0.101872   0.253332  0.36112   0.283676 
802   0.100252   0.253452  0.361508   0.284788 
803   0.100908   0.25248  0.361056   0.285556 
804   0.101268   0.252916  0.359692   0.286124 
805   0.100188   0.252664  0.36002   0.287128 
806   0.100592   0.252592  0.3594   0.287416 
807   0.10018   0.25256  0.358804   0.288456 
808   0.100564   0.252144  0.358184   0.289108 
809   0.098988   0.252308  0.358512   0.290192 
810   0.099716   0.251772  0.357656   0.290856 
811   0.10006   0.250984  0.3566   0.292356 
812   0.09956   0.250932  0.356488   0.29302 
813   0.100128   0.249596  0.35672   0.293556 
814   0.100256   0.248632  0.356692   0.29442 
815   0.100572   0.248056  0.356744   0.294628 
816   0.09968   0.248048  0.356972   0.2953 
817   0.100592   0.247408  0.3571   0.2949 
818   0.10018   0.247032  0.358136   0.294652 
819   0.099896   0.246856  0.358332   0.294916 
820   0.099768   0.246392  0.35902   0.29482 
821   0.099896   0.245272  0.360424   0.294408 
822   0.100728   0.244096  0.360916   0.29426 
823   0.10044   0.24372  0.36244   0.2934 
824   0.10108   0.24262  0.362984   0.293316 
825   0.100076   0.242932  0.364632   0.29236 
826   0.099312   0.24214  0.3656   0.292948 
827   0.099816   0.24122  0.366624   0.29234 
828   0.100784   0.2398  0.366928   0.292488 
829   0.100504   0.238484  0.368212   0.2928 
830   0.099248   0.237896  0.369556   0.2933 
831   0.0996   0.236516  0.370224   0.29366 
832   0.098908   0.235272  0.37142   0.2944 
833   0.099192   0.233592  0.37254   0.294676 
834   0.099072   0.232152  0.3738   0.294976 
835   0.099328   0.230848  0.373844   0.29598 
836   0.098912   0.230524  0.37528   0.295284 
837   0.100088   0.2292  0.376256   0.294456 
838   0.098248   0.228788  0.378028   0.294936 
839   0.09878   0.227744  0.379396   0.29408 
840   0.09864   0.227072  0.380704   0.293584 
841   0.09852   0.22642  0.382248   0.292812 
842   0.098004   0.226176  0.383728   0.292092 
843   0.098292   0.224936  0.385556   0.291216 
844   0.098348   0.224828  0.386956   0.289868 
845   0.098884   0.223864  0.388536   0.288716 
846   0.098812   0.223848  0.389556   0.287784 
847   0.098504   0.22312  0.391116   0.28726 
848   0.099048   0.223236  0.391736   0.28598 
849   0.098448   0.223668  0.392756   0.285128 
850   0.099064   0.223256  0.393548   0.284132 
851   0.098904   0.223556  0.394712   0.282828 
