0   0.20304   0.266064  0.265204   0.265692 
1   0.213524   0.26442  0.259288   0.262768 
2   0.203472   0.269744  0.261468   0.265316 
3   0.191912   0.274712  0.26256   0.270816 
4   0.182632   0.278556  0.263992   0.27482 
5   0.172684   0.281008  0.266416   0.279892 
6   0.164644   0.279348  0.27078   0.285228 
7   0.159016   0.276128  0.274888   0.289968 
8   0.150968   0.274328  0.280104   0.2946 
9   0.14462   0.270892  0.28492   0.299568 
10   0.139144   0.267324  0.289836   0.303696 
11   0.132968   0.26402  0.295752   0.30726 
12   0.128124   0.26182  0.301932   0.308124 
13   0.123012   0.261396  0.308724   0.306868 
14   0.11974   0.26188  0.31506   0.30332 
15   0.114852   0.263752  0.320732   0.300664 
16   0.111548   0.26652  0.326548   0.295384 
17   0.109752   0.269716  0.331908   0.288624 
18   0.107328   0.273444  0.334272   0.284956 
19   0.10488   0.27716  0.3374   0.28056 
20   0.10214   0.279184  0.34008   0.278596 
21   0.100308   0.28222  0.339148   0.278324 
22   0.097596   0.284936  0.339076   0.278392 
23   0.096756   0.286764  0.336868   0.279612 
24   0.095072   0.289848  0.334428   0.280652 
25   0.093756   0.291956  0.330804   0.283484 
26   0.093452   0.293968  0.32704   0.28554 
27   0.092368   0.295164  0.325304   0.287164 
28   0.091764   0.2958  0.323436   0.289 
29   0.090136   0.29594  0.321316   0.292608 
30   0.089484   0.295212  0.31982   0.295484 
31   0.08764   0.294592  0.319252   0.298516 
32   0.088084   0.292312  0.318132   0.301472 
33   0.086536   0.289796  0.317932   0.305736 
34   0.0863   0.285604  0.319524   0.308572 
35   0.085028   0.283312  0.320024   0.311636 
36   0.084296   0.279156  0.321948   0.3146 
37   0.083772   0.275788  0.32364   0.3168 
38   0.084796   0.27096  0.326896   0.317348 
39   0.08404   0.267184  0.329976   0.3188 
40   0.083316   0.263588  0.33328   0.319816 
41   0.082932   0.259712  0.336888   0.320468 
42   0.083264   0.257876  0.339288   0.319572 
43   0.084144   0.25502  0.341628   0.319208 
44   0.083052   0.25392  0.345972   0.317056 
45   0.082612   0.252988  0.350292   0.314108 
46   0.08192   0.252184  0.353   0.312896 
47   0.08242   0.251168  0.35686   0.309552 
48   0.082364   0.251104  0.359492   0.30704 
49   0.081508   0.251992  0.361552   0.304948 
50   0.081872   0.252952  0.363692   0.301484 
51   0.081164   0.254744  0.364448   0.299644 
52   0.08052   0.25576  0.366852   0.296868 
53   0.080524   0.258092  0.368132   0.293252 
54   0.081032   0.260136  0.369484   0.289348 
55   0.080568   0.262916  0.370332   0.286184 
56   0.08112   0.264664  0.370852   0.283364 
57   0.082268   0.266088  0.37036   0.281284 
58   0.082332   0.268988  0.369356   0.279324 
59   0.081736   0.272788  0.36898   0.276496 
60   0.081768   0.275288  0.368064   0.27488 
61   0.08234   0.276944  0.36676   0.273956 
62   0.082056   0.27878  0.365224   0.27394 
63   0.082228   0.279932  0.36272   0.27512 
64   0.0821   0.28108  0.360748   0.276072 
65   0.081588   0.280856  0.3591   0.278456 
66   0.082   0.280396  0.3567   0.280904 
67   0.081692   0.279492  0.356148   0.282668 
68   0.082288   0.2775  0.353788   0.286424 
69   0.081476   0.27464  0.353292   0.290592 
70   0.081708   0.272248  0.351732   0.294312 
71   0.081876   0.269548  0.349212   0.299364 
72   0.081292   0.266796  0.347876   0.304036 
73   0.081508   0.263328  0.346332   0.308832 
74   0.082568   0.259084  0.344772   0.313576 
75   0.081512   0.257708  0.344856   0.315924 
76   0.082904   0.257236  0.343848   0.316012 
77   0.082224   0.255696  0.345496   0.316584 
78   0.081516   0.256388  0.345476   0.31662 
79   0.08194   0.25646  0.346716   0.314884 
80   0.082044   0.256788  0.347992   0.313176 
81   0.08116   0.257968  0.34984   0.311032 
82   0.081564   0.25872  0.350756   0.30896 
83   0.081968   0.25904  0.352628   0.306364 
84   0.082256   0.259044  0.35412   0.30458 
85   0.082152   0.259268  0.356192   0.302388 
86   0.081756   0.259628  0.358444   0.300172 
87   0.08138   0.26094  0.359364   0.298316 
88   0.08156   0.261868  0.360676   0.295896 
89   0.081664   0.264616  0.359572   0.294148 
90   0.081744   0.2667  0.35838   0.293176 
91   0.081432   0.267552  0.35786   0.293156 
92   0.080948   0.268688  0.356884   0.29348 
93   0.081084   0.26962  0.355136   0.29416 
94   0.08134   0.269768  0.354988   0.293904 
95   0.081452   0.270184  0.355104   0.29326 
96   0.081076   0.270948  0.355716   0.29226 
97   0.08248   0.269708  0.356824   0.290988 
98   0.082788   0.269096  0.358384   0.289732 
99   0.083548   0.268752  0.358788   0.288912 
100   0.082948   0.26752  0.360732   0.2888 
101   0.081404   0.266244  0.362132   0.29022 
102   0.081312   0.265372  0.362444   0.290872 
103   0.082352   0.263492  0.362616   0.29154 
104   0.080616   0.26188  0.364544   0.29296 
105   0.082496   0.258964  0.365404   0.293136 
106   0.08238   0.25828  0.366456   0.292884 
107   0.082932   0.258164  0.36686   0.292044 
108   0.081408   0.25914  0.36792   0.291532 
109   0.082464   0.259424  0.366664   0.291448 
110   0.081252   0.260524  0.367144   0.29108 
111   0.081928   0.261652  0.366032   0.290388 
112   0.082868   0.261816  0.366404   0.288912 
113   0.08204   0.264004  0.36668   0.287276 
114   0.082652   0.2644  0.368212   0.284736 
115   0.083424   0.262748  0.371008   0.28282 
116   0.083416   0.263516  0.372208   0.28086 
117   0.08334   0.264448  0.37428   0.277932 
118   0.082208   0.265856  0.375112   0.276824 
119   0.082544   0.26686  0.374592   0.276004 
120   0.08254   0.268196  0.374072   0.275192 
121   0.08292   0.269116  0.373724   0.27424 
122   0.082524   0.269428  0.374216   0.273832 
123   0.083128   0.269652  0.373288   0.273932 
124   0.082164   0.27084  0.371672   0.275324 
125   0.08386   0.269968  0.368764   0.277408 
126   0.084124   0.268756  0.366684   0.280436 
127   0.082968   0.267736  0.365368   0.283928 
128   0.083568   0.267352  0.362964   0.286116 
129   0.0849   0.266352  0.360876   0.287872 
130   0.083936   0.267196  0.358088   0.29078 
131   0.084892   0.268132  0.35552   0.291456 
132   0.084144   0.269988  0.3532   0.292668 
133   0.08448   0.272124  0.351068   0.292328 
134   0.083756   0.27418  0.349764   0.2923 
135   0.0839   0.275028  0.34992   0.291152 
136   0.083604   0.275176  0.350776   0.290444 
137   0.082996   0.27546  0.350544   0.291 
138   0.083584   0.2739  0.351172   0.291344 
139   0.083664   0.272084  0.351328   0.292924 
140   0.082964   0.270336  0.352044   0.294656 
141   0.081896   0.269612  0.35194   0.296552 
142   0.083412   0.267772  0.350748   0.298068 
143   0.082544   0.267364  0.351188   0.298904 
144   0.083064   0.266412  0.350996   0.299528 
145   0.08336   0.265752  0.350912   0.299976 
146   0.083348   0.265592  0.35268   0.29838 
147   0.08236   0.265792  0.353204   0.298644 
148   0.08336   0.26488  0.352776   0.298984 
149   0.08366   0.263888  0.352868   0.299584 
150   0.083936   0.262648  0.352992   0.300424 
151   0.082748   0.262652  0.354108   0.300492 
152   0.083228   0.263608  0.353804   0.29936 
153   0.082084   0.263888  0.3537   0.300328 
154   0.082356   0.264668  0.353176   0.2998 
155   0.08026   0.265448  0.353852   0.30044 
156   0.081772   0.264748  0.353224   0.300256 
157   0.083412   0.263508  0.353572   0.299508 
158   0.083196   0.263168  0.354624   0.299012 
159   0.083048   0.263728  0.354708   0.298516 
160   0.083116   0.264136  0.356128   0.29662 
161   0.08268   0.264344  0.356288   0.296688 
162   0.082304   0.266068  0.356692   0.294936 
163   0.081824   0.267044  0.357032   0.2941 
164   0.081472   0.26734  0.358648   0.29254 
165   0.081624   0.268028  0.359348   0.291 
166   0.080056   0.268604  0.361036   0.290304 
167   0.082192   0.26788  0.361368   0.28856 
168   0.081292   0.268364  0.36292   0.287424 
169   0.082276   0.268492  0.364448   0.284784 
170   0.082748   0.268776  0.365112   0.283364 
171   0.081152   0.269864  0.367144   0.28184 
172   0.081964   0.270808  0.366416   0.280812 
173   0.08312   0.271796  0.365876   0.279208 
174   0.081676   0.273936  0.36604   0.278348 
175   0.082396   0.275408  0.364232   0.277964 
176   0.081872   0.276844  0.362968   0.278316 
177   0.081684   0.278264  0.361036   0.279016 
178   0.081764   0.2789  0.35854   0.280796 
179   0.08324   0.279984  0.355064   0.281712 
180   0.082696   0.281064  0.351716   0.284524 
181   0.083488   0.280916  0.349868   0.285728 
182   0.084388   0.279488  0.347616   0.288508 
183   0.084312   0.277796  0.348208   0.289684 
184   0.083068   0.275608  0.348168   0.293156 
185   0.083436   0.272608  0.347684   0.296272 
186   0.083432   0.269576  0.347824   0.299168 
187   0.08374   0.267376  0.347196   0.301688 
188   0.082356   0.263788  0.348828   0.305028 
189   0.08382   0.259584  0.349864   0.306732 
190   0.084328   0.254872  0.352248   0.308552 
191   0.083212   0.252116  0.356052   0.30862 
192   0.083376   0.248164  0.359256   0.309204 
193   0.082752   0.244716  0.36346   0.309072 
194   0.082544   0.24342  0.365328   0.308708 
195   0.082608   0.242704  0.367804   0.306884 
196   0.081024   0.2435  0.370468   0.305008 
197   0.080588   0.242932  0.37378   0.3027 
198   0.082432   0.242728  0.3757   0.29914 
199   0.0811   0.244724  0.376964   0.297212 
200   0.081064   0.247944  0.3772   0.293792 
201   0.080104   0.251256  0.378428   0.290212 
202   0.081176   0.254064  0.378616   0.286144 
203   0.08156   0.257904  0.37742   0.283116 
204   0.080888   0.2618  0.37654   0.280772 
205   0.082636   0.264528  0.37578   0.277056 
206   0.082296   0.268008  0.374348   0.275348 
207   0.081308   0.270248  0.3741   0.274344 
208   0.081088   0.272184  0.37254   0.274188 
209   0.081988   0.274844  0.36918   0.273988 
210   0.08222   0.276448  0.366252   0.27508 
211   0.082484   0.276396  0.363492   0.277628 
212   0.082704   0.277628  0.358776   0.280892 
213   0.082568   0.278032  0.3558   0.2836 
214   0.083332   0.276228  0.353304   0.287136 
215   0.08228   0.274452  0.351464   0.291804 
216   0.08252   0.272372  0.349476   0.295632 
217   0.08372   0.26884  0.348328   0.299112 
218   0.083364   0.26654  0.348204   0.301892 
219   0.08432   0.263844  0.347704   0.304132 
220   0.082208   0.263044  0.348648   0.3061 
221   0.082524   0.260036  0.349   0.30844 
222   0.083064   0.258524  0.349964   0.308448 
223   0.081072   0.258136  0.35194   0.308852 
224   0.081912   0.257764  0.353724   0.3066 
225   0.081648   0.257676  0.354836   0.30584 
226   0.08392   0.257828  0.35494   0.303312 
227   0.083496   0.258104  0.357144   0.301256 
228   0.0832   0.258404  0.358516   0.29988 
229   0.082248   0.259236  0.359788   0.298728 
230   0.08282   0.258108  0.36192   0.297152 
231   0.08292   0.257244  0.363232   0.296604 
232   0.08204   0.257564  0.364948   0.295448 
233   0.082512   0.257092  0.365408   0.294988 
234   0.083408   0.256376  0.366912   0.293304 
235   0.083052   0.255588  0.368292   0.293068 
236   0.082752   0.25616  0.3684   0.292688 
237   0.081612   0.25696  0.368408   0.29302 
238   0.082984   0.256704  0.368828   0.291484 
239   0.08198   0.259364  0.368776   0.28988 
240   0.082928   0.261756  0.367652   0.287664 
241   0.08426   0.263356  0.36702   0.285364 
242   0.08338   0.26362  0.367212   0.285788 
243   0.083968   0.2638  0.365964   0.286268 
244   0.083728   0.263208  0.366292   0.286772 
245   0.083604   0.261416  0.366856   0.288124 
246   0.08522   0.259284  0.365896   0.2896 
247   0.084504   0.258072  0.364592   0.292832 
248   0.084012   0.257288  0.363516   0.295184 
249   0.083624   0.25702  0.362   0.297356 
250   0.084332   0.257348  0.359848   0.298472 
251   0.084868   0.258588  0.357836   0.298708 
252   0.086284   0.259316  0.356428   0.297972 
253   0.085724   0.260192  0.356984   0.2971 
254   0.086092   0.26074  0.357844   0.295324 
255   0.085556   0.262328  0.359164   0.292952 
256   0.085308   0.264884  0.35984   0.289968 
257   0.084872   0.26694  0.361336   0.286852 
258   0.084536   0.269072  0.363836   0.282556 
259   0.083856   0.269892  0.366304   0.279948 
260   0.084536   0.269908  0.36712   0.278436 
261   0.084432   0.270644  0.367008   0.277916 
262   0.08472   0.269932  0.367456   0.277892 
263   0.085056   0.269648  0.366208   0.279088 
264   0.084524   0.269204  0.365136   0.281136 
265   0.084008   0.268536  0.364292   0.283164 
266   0.083504   0.267604  0.363852   0.28504 
267   0.08354   0.26682  0.36216   0.28748 
268   0.083856   0.265772  0.361056   0.289316 
269   0.084092   0.265056  0.359836   0.291016 
270   0.08256   0.263544  0.359456   0.29444 
271   0.083632   0.263028  0.357312   0.296028 
272   0.083928   0.264012  0.354572   0.297488 
273   0.082792   0.265828  0.3533   0.29808 
274   0.082376   0.267676  0.352652   0.297296 
275   0.083528   0.268552  0.351544   0.296376 
276   0.083144   0.269056  0.3509   0.2969 
277   0.082844   0.268072  0.351588   0.297496 
278   0.085076   0.26654  0.351828   0.296556 
279   0.08404   0.265316  0.353748   0.296896 
280   0.083888   0.263356  0.354848   0.297908 
281   0.082888   0.261472  0.355728   0.299912 
282   0.0839   0.259652  0.356312   0.300136 
283   0.083352   0.258656  0.357424   0.300568 
284   0.08314   0.257896  0.35864   0.300324 
285   0.082968   0.258284  0.358196   0.300552 
286   0.082044   0.258268  0.358112   0.301576 
287   0.083364   0.257472  0.35788   0.301284 
288   0.082172   0.258576  0.358196   0.301056 
289   0.082308   0.260152  0.357836   0.299704 
290   0.083276   0.261748  0.357604   0.297372 
291   0.082504   0.264256  0.357884   0.295356 
292   0.08126   0.266948  0.358796   0.292996 
293   0.081432   0.268272  0.35958   0.290716 
294   0.081492   0.269544  0.359696   0.289268 
295   0.081772   0.272112  0.358768   0.287348 
296   0.082544   0.27382  0.357412   0.286224 
297   0.082756   0.2743  0.35628   0.286664 
298   0.083004   0.274096  0.355884   0.287016 
299   0.082632   0.273572  0.355252   0.288544 
300   0.083244   0.271944  0.355624   0.289188 
301   0.082084   0.271824  0.3567   0.289392 
302   0.082272   0.270496  0.357548   0.289684 
303   0.082164   0.269792  0.358728   0.289316 
304   0.082772   0.268728  0.360352   0.288148 
305   0.083276   0.268064  0.360508   0.288152 
306   0.083436   0.269068  0.358844   0.288652 
307   0.08244   0.268976  0.358872   0.289712 
308   0.083504   0.269056  0.356684   0.290756 
309   0.082592   0.269588  0.355252   0.292568 
310   0.082044   0.270064  0.354516   0.293376 
311   0.083336   0.269536  0.3537   0.293428 
312   0.084484   0.269504  0.353668   0.292344 
313   0.082896   0.269444  0.35402   0.29364 
314   0.08228   0.269516  0.352628   0.295576 
315   0.081152   0.271184  0.35068   0.296984 
316   0.081364   0.271184  0.350012   0.29744 
317   0.081696   0.269772  0.348568   0.299964 
318   0.083   0.267608  0.347992   0.3014 
319   0.082408   0.265076  0.34866   0.303856 
320   0.083332   0.262388  0.34898   0.3053 
321   0.081932   0.26038  0.350116   0.307572 
322   0.081092   0.257788  0.351252   0.309868 
323   0.082504   0.254516  0.351332   0.311648 
324   0.080896   0.25182  0.352948   0.314336 
325   0.081596   0.249548  0.354644   0.314212 
326   0.08034   0.247248  0.357508   0.314904 
327   0.081552   0.245088  0.360316   0.313044 
328   0.082108   0.24332  0.363492   0.31108 
329   0.080684   0.243156  0.367392   0.308768 
330   0.082068   0.241784  0.37104   0.305108 
331   0.08202   0.2419  0.37458   0.3015 
332   0.081916   0.242356  0.377368   0.29836 
333   0.081244   0.243436  0.379956   0.295364 
334   0.081988   0.244424  0.381952   0.291636 
335   0.08012   0.247048  0.384232   0.2886 
336   0.08032   0.24776  0.384844   0.287076 
337   0.08144   0.250416  0.384644   0.2835 
338   0.082404   0.25352  0.382468   0.281608 
339   0.082488   0.256996  0.381372   0.279144 
340   0.082036   0.259944  0.380768   0.277252 
341   0.081572   0.263304  0.378708   0.276416 
342   0.08274   0.266344  0.376908   0.274008 
343   0.081216   0.269912  0.374544   0.274328 
344   0.081908   0.272412  0.371292   0.274388 
345   0.081448   0.274604  0.36964   0.274308 
346   0.08162   0.274928  0.369496   0.273956 
347   0.08316   0.275788  0.366872   0.27418 
348   0.08338   0.276028  0.364012   0.27658 
349   0.082508   0.2762  0.361272   0.28002 
350   0.082728   0.274556  0.359388   0.283328 
351   0.082524   0.272004  0.357984   0.287488 
352   0.081312   0.269784  0.358132   0.290772 
353   0.082284   0.266136  0.357816   0.293764 
354   0.082096   0.263368  0.35806   0.296476 
355   0.082212   0.261624  0.35784   0.298324 
356   0.083468   0.259268  0.357368   0.299896 
357   0.082492   0.25812  0.357624   0.301764 
358   0.081336   0.256556  0.357688   0.30442 
359   0.081656   0.255468  0.357824   0.305052 
360   0.081164   0.255272  0.358656   0.304908 
361   0.081092   0.25512  0.35978   0.304008 
362   0.080752   0.25586  0.36138   0.302008 
363   0.0805   0.25618  0.363628   0.299692 
364   0.080524   0.25626  0.364956   0.29826 
365   0.081708   0.256248  0.36632   0.295724 
366   0.081204   0.257664  0.368192   0.29294 
367   0.081036   0.259048  0.369612   0.290304 
368   0.0815   0.26064  0.371308   0.286552 
369   0.080856   0.26208  0.373688   0.283376 
370   0.081548   0.26276  0.375192   0.2805 
371   0.081644   0.263708  0.376296   0.278352 
372   0.082016   0.26462  0.376232   0.277132 
373   0.080708   0.266692  0.377056   0.275544 
374   0.080308   0.269336  0.37584   0.274516 
375   0.081768   0.271944  0.373244   0.273044 
376   0.08062   0.274372  0.371716   0.273292 
377   0.080912   0.276784  0.370228   0.272076 
378   0.080612   0.277584  0.36826   0.273544 
379   0.081044   0.278144  0.366204   0.274608 
380   0.080956   0.279164  0.36442   0.27546 
381   0.081324   0.280144  0.361564   0.276968 
382   0.08194   0.281692  0.357796   0.278572 
383   0.08112   0.283548  0.354392   0.28094 
384   0.081744   0.284444  0.350976   0.282836 
385   0.082776   0.28374  0.348   0.285484 
386   0.082368   0.283164  0.346508   0.28796 
387   0.082552   0.283268  0.34386   0.29032 
388   0.084204   0.281028  0.3421   0.292668 
389   0.083748   0.278648  0.341776   0.295828 
390   0.084096   0.27492  0.3418   0.299184 
391   0.084612   0.270324  0.341736   0.303328 
392   0.085344   0.26558  0.342384   0.306692 
393   0.084908   0.26104  0.344048   0.310004 
394   0.085244   0.255684  0.346024   0.313048 
395   0.084652   0.251324  0.348092   0.315932 
396   0.084984   0.248588  0.349268   0.31716 
397   0.083584   0.2464  0.351944   0.318072 
398   0.084552   0.244268  0.35472   0.31646 
399   0.083824   0.242864  0.357348   0.315964 
400   0.083044   0.241072  0.361656   0.314228 
401   0.083564   0.240108  0.365068   0.31126 
402   0.083272   0.240032  0.369384   0.307312 
403   0.082872   0.241308  0.373272   0.302548 
404   0.084104   0.241948  0.37534   0.298608 
405   0.08354   0.244416  0.376216   0.295828 
406   0.08222   0.247692  0.377928   0.29216 
407   0.082836   0.2512  0.3776   0.288364 
408   0.082504   0.253756  0.37898   0.28476 
409   0.082984   0.255416  0.379228   0.282372 
410   0.081684   0.258496  0.379988   0.279832 
411   0.082464   0.261516  0.379088   0.276932 
412   0.08152   0.265648  0.379168   0.273664 
413   0.082444   0.269312  0.377968   0.270276 
414   0.08292   0.2721  0.376376   0.268604 
415   0.08246   0.274972  0.374912   0.267656 
416   0.081828   0.27742  0.372112   0.26864 
417   0.08108   0.27894  0.369052   0.270928 
418   0.082056   0.281316  0.363476   0.273152 
419   0.08184   0.283004  0.35896   0.276196 
420   0.082272   0.283564  0.35476   0.279404 
421   0.082116   0.282348  0.350116   0.28542 
422   0.082664   0.28008  0.346392   0.290864 
423   0.083276   0.277312  0.343792   0.29562 
424   0.08228   0.273748  0.342464   0.301508 
425   0.082988   0.270312  0.340864   0.305836 
426   0.08258   0.267048  0.340836   0.309536 
427   0.082016   0.263704  0.34162   0.31266 
428   0.082896   0.26012  0.342596   0.314388 
429   0.082016   0.257128  0.345912   0.314944 
430   0.082304   0.255396  0.348792   0.313508 
431   0.081976   0.253992  0.35168   0.312352 
432   0.082976   0.252092  0.354896   0.310036 
433   0.081664   0.251896  0.359284   0.307156 
434   0.082372   0.251916  0.36212   0.303592 
435   0.081624   0.25328  0.365776   0.29932 
436   0.080908   0.255236  0.368604   0.295252 
437   0.080644   0.257004  0.370504   0.291848 
438   0.080636   0.259108  0.371168   0.289088 
439   0.080144   0.262496  0.373116   0.284244 
440   0.079912   0.264196  0.374968   0.280924 
441   0.080696   0.266648  0.375572   0.277084 
442   0.080932   0.270728  0.375556   0.272784 
443   0.081676   0.273492  0.374356   0.270476 
444   0.080428   0.277328  0.374224   0.26802 
445   0.0813   0.280212  0.371452   0.267036 
446   0.080912   0.282916  0.368828   0.267344 
447   0.081892   0.284896  0.364692   0.26852 
448   0.081308   0.28712  0.360456   0.271116 
449   0.08206   0.288244  0.35564   0.274056 
450   0.083016   0.289184  0.35266   0.27514 
451   0.082804   0.290148  0.350592   0.276456 
452   0.082332   0.289856  0.349176   0.278636 
453   0.08328   0.288476  0.347176   0.281068 
454   0.082728   0.286476  0.345404   0.285392 
455   0.083324   0.282488  0.3441   0.290088 
456   0.083396   0.278708  0.343304   0.294592 
457   0.08302   0.273352  0.343968   0.29966 
458   0.082968   0.268556  0.344188   0.304288 
459   0.083236   0.263876  0.344652   0.308236 
460   0.080408   0.26134  0.346544   0.311708 
461   0.082016   0.257432  0.347204   0.313348 
462   0.081212   0.255248  0.349408   0.314132 
463   0.08092   0.254584  0.351896   0.3126 
464   0.082184   0.254644  0.353152   0.31002 
465   0.0829   0.253528  0.355852   0.30772 
466   0.083468   0.253072  0.35838   0.30508 
467   0.08262   0.254096  0.360272   0.303012 
468   0.082096   0.256392  0.362284   0.299228 
469   0.08172   0.2582  0.36462   0.29546 
470   0.08246   0.259336  0.365296   0.292908 
471   0.082068   0.261776  0.365504   0.290652 
472   0.082016   0.264088  0.365832   0.288064 
473   0.082116   0.265228  0.365428   0.287228 
474   0.081084   0.267832  0.365324   0.28576 
475   0.08142   0.269364  0.36444   0.284776 
476   0.08088   0.271844  0.3639   0.283376 
477   0.081992   0.273508  0.362132   0.282368 
478   0.081552   0.27436  0.362648   0.28144 
479   0.083236   0.275024  0.361416   0.280324 
480   0.083104   0.275248  0.36214   0.279508 
481   0.083128   0.27482  0.361212   0.28084 
482   0.082564   0.274572  0.361684   0.28118 
483   0.082368   0.275168  0.36208   0.280384 
484   0.082856   0.273304  0.36168   0.28216 
485   0.082148   0.271764  0.361944   0.284144 
486   0.082772   0.269804  0.362216   0.285208 
487   0.083456   0.268772  0.361368   0.286404 
488   0.081856   0.267824  0.361868   0.288452 
489   0.08238   0.266884  0.36162   0.289116 
490   0.08344   0.266732  0.360112   0.289716 
491   0.083908   0.266396  0.359276   0.29042 
492   0.084028   0.266196  0.35804   0.291736 
493   0.083724   0.266924  0.356388   0.292964 
494   0.083884   0.265688  0.356752   0.293676 
495   0.082576   0.266912  0.356428   0.294084 
496   0.082884   0.268264  0.355144   0.293708 
497   0.083452   0.267272  0.354436   0.29484 
498   0.082964   0.266864  0.35396   0.296212 
499   0.082756   0.267016  0.354752   0.295476 
500   0.081888   0.266788  0.356444   0.29488 
501   0.082348   0.264972  0.357264   0.295416 
502   0.08178   0.264628  0.357616   0.295976 
503   0.082112   0.263796  0.357748   0.296344 
504   0.081472   0.264184  0.358368   0.295976 
505   0.080912   0.26516  0.359152   0.294776 
506   0.081284   0.2655  0.359824   0.293392 
507   0.0809   0.265628  0.361492   0.29198 
508   0.08116   0.2676  0.361164   0.290076 
509   0.081516   0.268452  0.360804   0.289228 
510   0.0829   0.269372  0.36012   0.287608 
511   0.082208   0.270508  0.360248   0.287036 
512   0.081008   0.272748  0.3604   0.285844 
513   0.081768   0.273048  0.359752   0.285432 
514   0.081012   0.273808  0.359676   0.285504 
515   0.080892   0.27462  0.358616   0.285872 
516   0.0812   0.275528  0.35676   0.286512 
517   0.081852   0.275824  0.356212   0.286112 
518   0.080864   0.276488  0.355712   0.286936 
519   0.080472   0.27748  0.355428   0.28662 
520   0.079812   0.278816  0.354844   0.286528 
521   0.08142   0.278236  0.354   0.286344 
522   0.081664   0.278704  0.353832   0.2858 
523   0.081124   0.279224  0.353664   0.285988 
524   0.082068   0.279372  0.35318   0.28538 
525   0.081736   0.279356  0.352628   0.28628 
526   0.082224   0.27764  0.35178   0.288356 
527   0.081284   0.275828  0.352696   0.290192 
528   0.082648   0.273988  0.35174   0.291624 
529   0.0813   0.272748  0.352328   0.293624 
530   0.081084   0.270032  0.353748   0.295136 
531   0.080644   0.26752  0.354904   0.296932 
532   0.0799   0.265488  0.356592   0.29802 
533   0.08068   0.262928  0.357984   0.298408 
534   0.080036   0.261196  0.359992   0.298776 
535   0.079384   0.259032  0.362744   0.29884 
536   0.081   0.256272  0.365968   0.29676 
537   0.081656   0.254696  0.368316   0.295332 
538   0.080948   0.253664  0.371096   0.294292 
539   0.08146   0.252384  0.373476   0.29268 
540   0.082712   0.250772  0.37492   0.291596 
541   0.082176   0.252152  0.376076   0.289596 
542   0.082452   0.252012  0.378824   0.286712 
543   0.082036   0.253376  0.378876   0.285712 
544   0.082608   0.254756  0.37802   0.284616 
545   0.082428   0.256592  0.377288   0.283692 
546   0.082132   0.259568  0.376208   0.282092 
547   0.081256   0.262364  0.374316   0.282064 
548   0.08186   0.262848  0.372256   0.283036 
549   0.081728   0.263832  0.371036   0.283404 
550   0.082148   0.26438  0.368992   0.28448 
551   0.082348   0.265856  0.366696   0.2851 
552   0.082748   0.266344  0.364724   0.286184 
553   0.082044   0.267612  0.362912   0.287432 
554   0.082372   0.2688  0.361728   0.2871 
555   0.081688   0.270324  0.360696   0.287292 
556   0.081308   0.271968  0.360268   0.286456 
557   0.081212   0.273896  0.359   0.285892 
558   0.080704   0.27648  0.357872   0.284944 
559   0.081008   0.277004  0.35704   0.284948 
560   0.081392   0.276072  0.356656   0.28588 
561   0.082052   0.275312  0.35644   0.286196 
562   0.08284   0.274352  0.355724   0.287084 
563   0.081264   0.273788  0.356092   0.288856 
564   0.081892   0.273016  0.355668   0.289424 
565   0.082424   0.272548  0.354564   0.290464 
566   0.08184   0.272232  0.354584   0.291344 
567   0.0827   0.272188  0.353912   0.2912 
568   0.083344   0.272672  0.353384   0.2906 
569   0.08292   0.273232  0.353548   0.2903 
570   0.083176   0.272444  0.355084   0.289296 
571   0.081832   0.273252  0.35628   0.288636 
572   0.082444   0.272996  0.357072   0.287488 
573   0.080976   0.273172  0.359952   0.2859 
574   0.082212   0.27346  0.359952   0.284376 
575   0.082232   0.273232  0.36062   0.283916 
576   0.08114   0.272496  0.362068   0.284296 
577   0.081056   0.271204  0.361784   0.285956 
578   0.081652   0.270448  0.361116   0.286784 
579   0.082252   0.270196  0.359796   0.287756 
580   0.08058   0.270384  0.360304   0.288732 
581   0.081992   0.270736  0.359052   0.28822 
582   0.08282   0.271092  0.357852   0.288236 
583   0.082328   0.271828  0.357556   0.288288 
584   0.083156   0.272256  0.355876   0.288712 
585   0.082912   0.272112  0.355264   0.289712 
586   0.082252   0.272756  0.35402   0.290972 
587   0.081296   0.272996  0.354668   0.29104 
588   0.080728   0.272096  0.354892   0.292284 
589   0.081756   0.271616  0.35366   0.292968 
590   0.082064   0.27078  0.353024   0.294132 
591   0.082544   0.268976  0.353304   0.295176 
592   0.081044   0.269  0.352904   0.297052 
593   0.082424   0.26772  0.35204   0.297816 
594   0.081896   0.26694  0.352096   0.299068 
595   0.082216   0.265916  0.35232   0.299548 
596   0.082856   0.265136  0.351384   0.300624 
597   0.082184   0.264264  0.352336   0.301216 
598   0.08136   0.263664  0.353752   0.301224 
599   0.08196   0.261596  0.354656   0.301788 
600   0.082244   0.261008  0.354084   0.302664 
601   0.082668   0.259768  0.355028   0.302536 
602   0.082368   0.259184  0.356924   0.301524 
603   0.08218   0.259632  0.35756   0.300628 
604   0.082376   0.260068  0.35812   0.299436 
605   0.081832   0.260748  0.35832   0.2991 
606   0.081816   0.261736  0.357644   0.298804 
607   0.081624   0.262832  0.357068   0.298476 
608   0.081828   0.263524  0.356624   0.298024 
609   0.082364   0.264988  0.35574   0.296908 
610   0.083388   0.265688  0.3537   0.297224 
611   0.083548   0.26546  0.35394   0.297052 
612   0.082428   0.266376  0.35404   0.297156 
613   0.084044   0.265936  0.35402   0.296 
614   0.084304   0.264656  0.353976   0.297064 
615   0.083192   0.264572  0.356484   0.295752 
616   0.08456   0.263104  0.35706   0.295276 
617   0.08372   0.263244  0.358644   0.294392 
618   0.08402   0.262272  0.35964   0.294068 
619   0.083944   0.262388  0.360292   0.293376 
620   0.084164   0.262476  0.359704   0.293656 
621   0.083164   0.263912  0.359012   0.293912 
622   0.083772   0.264356  0.357992   0.29388 
623   0.083148   0.263964  0.359032   0.293856 
624   0.083676   0.2639  0.358956   0.293468 
625   0.082148   0.264536  0.358644   0.294672 
626   0.082964   0.263468  0.358072   0.295496 
627   0.08192   0.26422  0.357076   0.296784 
628   0.082648   0.26544  0.355248   0.296664 
629   0.082828   0.26676  0.354276   0.296136 
630   0.08228   0.269268  0.352824   0.295628 
631   0.082676   0.270532  0.352332   0.29446 
632   0.083112   0.272312  0.35162   0.292956 
633   0.082524   0.27402  0.349948   0.293508 
634   0.082436   0.274952  0.347996   0.294616 
635   0.082284   0.277016  0.345728   0.294972 
636   0.082036   0.278652  0.34318   0.296132 
637   0.08178   0.2795  0.341128   0.297592 
638   0.081356   0.279648  0.337924   0.301072 
639   0.082032   0.278028  0.336288   0.303652 
640   0.081572   0.276136  0.335884   0.306408 
641   0.081428   0.273736  0.336252   0.308584 
642   0.081812   0.271036  0.337116   0.310036 
643   0.080556   0.268712  0.33952   0.311212 
644   0.08008   0.26756  0.34134   0.31102 
645   0.079604   0.265748  0.343788   0.31086 
646   0.081736   0.26462  0.344872   0.308772 
647   0.081048   0.264632  0.347856   0.306464 
648   0.07928   0.264276  0.352624   0.30382 
649   0.078288   0.264232  0.355692   0.301788 
650   0.078292   0.265104  0.35882   0.297784 
651   0.07976   0.264244  0.362232   0.293764 
652   0.0792   0.264792  0.365744   0.290264 
653   0.079436   0.264904  0.368028   0.287632 
654   0.079312   0.265608  0.369784   0.285296 
655   0.079624   0.265452  0.3715   0.283424 
656   0.078916   0.266896  0.3715   0.282688 
657   0.078524   0.268776  0.369728   0.282972 
658   0.079668   0.269948  0.366564   0.28382 
659   0.079024   0.27134  0.364848   0.284788 
660   0.0804   0.272408  0.362296   0.284896 
661   0.080276   0.274008  0.360508   0.285208 
662   0.079668   0.275148  0.360024   0.28516 
663   0.079388   0.275748  0.358252   0.286612 
664   0.079888   0.275624  0.357072   0.287416 
665   0.080132   0.273896  0.35664   0.289332 
666   0.07954   0.272936  0.356248   0.291276 
667   0.080276   0.27008  0.3563   0.293344 
668   0.081248   0.268196  0.35564   0.294916 
669   0.08126   0.266252  0.356144   0.296344 
670   0.080424   0.264792  0.355324   0.29946 
671   0.081088   0.263016  0.354748   0.301148 
672   0.081588   0.262752  0.35428   0.30138 
673   0.081636   0.26268  0.353644   0.30204 
674   0.080032   0.263032  0.354448   0.302488 
675   0.079972   0.261776  0.3554   0.302852 
676   0.080512   0.26092  0.356068   0.3025 
677   0.081036   0.25918  0.356392   0.303392 
678   0.081084   0.258236  0.35836   0.30232 
679   0.081164   0.256408  0.360352   0.302076 
680   0.081912   0.254292  0.361696   0.3021 
681   0.082012   0.252844  0.36406   0.301084 
682   0.081396   0.252948  0.365488   0.300168 
683   0.081792   0.25212  0.368292   0.297796 
684   0.081648   0.253048  0.369516   0.295788 
685   0.08104   0.253652  0.3707   0.294608 
686   0.080668   0.25364  0.372308   0.293384 
687   0.080544   0.255388  0.372156   0.291912 
688   0.081916   0.2578  0.37002   0.290264 
689   0.081268   0.261656  0.36908   0.287996 
690   0.081096   0.26414  0.368924   0.28584 
691   0.080788   0.2667  0.367832   0.28468 
692   0.080668   0.268688  0.367476   0.283168 
693   0.080464   0.270384  0.365644   0.283508 
694   0.081016   0.271388  0.36328   0.284316 
695   0.081608   0.273208  0.361   0.284184 
696   0.08082   0.275596  0.35892   0.284664 
697   0.082048   0.27694  0.355968   0.285044 
698   0.083132   0.27772  0.352916   0.286232 
699   0.082572   0.27826  0.352488   0.28668 
700   0.082884   0.278592  0.352108   0.286416 
701   0.083288   0.27762  0.351052   0.28804 
702   0.083908   0.276064  0.350964   0.289064 
703   0.083244   0.27452  0.351592   0.290644 
704   0.083708   0.271612  0.352032   0.292648 
705   0.084036   0.269804  0.35114   0.29502 
706   0.083972   0.267068  0.3515   0.29746 
707   0.084064   0.264148  0.35176   0.300028 
708   0.083468   0.261664  0.352168   0.3027 
709   0.082576   0.258732  0.353108   0.305584 
710   0.082376   0.2566  0.353516   0.307508 
711   0.082852   0.255016  0.353588   0.308544 
712   0.08358   0.254216  0.353448   0.308756 
713   0.083868   0.25268  0.353864   0.309588 
714   0.084076   0.25148  0.35538   0.309064 
715   0.082868   0.25178  0.357024   0.308328 
716   0.081504   0.251884  0.359912   0.3067 
717   0.0821   0.251208  0.362404   0.304288 
718   0.08158   0.2511  0.365608   0.301712 
719   0.081692   0.25174  0.36824   0.298328 
720   0.081596   0.253476  0.371448   0.29348 
721   0.082996   0.25368  0.373368   0.289956 
722   0.08284   0.255504  0.376132   0.285524 
723   0.083092   0.256396  0.377896   0.282616 
724   0.082408   0.258292  0.379412   0.279888 
725   0.083452   0.260556  0.379204   0.276788 
726   0.082812   0.263512  0.377888   0.275788 
727   0.08286   0.265384  0.376888   0.274868 
728   0.0832   0.266784  0.375304   0.274712 
729   0.083316   0.267676  0.374684   0.274324 
730   0.0845   0.268032  0.372864   0.274604 
731   0.08404   0.269372  0.37056   0.276028 
732   0.08306   0.270956  0.367896   0.278088 
733   0.083004   0.27152  0.36534   0.280136 
734   0.083216   0.2725  0.361264   0.28302 
735   0.083416   0.273012  0.356988   0.286584 
736   0.082576   0.274288  0.353432   0.289704 
737   0.0827   0.274456  0.350452   0.292392 
738   0.082892   0.274804  0.347452   0.294852 
739   0.08184   0.27542  0.345696   0.297044 
740   0.082832   0.275956  0.342096   0.299116 
741   0.083664   0.2757  0.338424   0.302212 
742   0.083128   0.276448  0.336684   0.30374 
743   0.083044   0.276512  0.335812   0.304632 
744   0.083648   0.276372  0.335708   0.304272 
745   0.084324   0.27556  0.335828   0.304288 
746   0.08474   0.27364  0.337024   0.304596 
747   0.084068   0.271332  0.33994   0.30466 
748   0.084656   0.266352  0.343972   0.30502 
749   0.0854   0.263292  0.346568   0.30474 
750   0.083824   0.261084  0.349092   0.306 
751   0.08364   0.259236  0.352064   0.30506 
752   0.0832   0.260028  0.352872   0.3039 
753   0.082816   0.259476  0.354272   0.303436 
754   0.084052   0.259908  0.355456   0.300584 
755   0.082832   0.26102  0.357348   0.2988 
756   0.08314   0.262792  0.359596   0.294472 
757   0.082992   0.264804  0.361368   0.290836 
758   0.08348   0.265296  0.362736   0.288488 
759   0.0838   0.267388  0.363588   0.285224 
760   0.083504   0.269828  0.363556   0.283112 
761   0.084172   0.27302  0.362164   0.280644 
762   0.08356   0.276456  0.36086   0.279124 
763   0.083032   0.279752  0.358456   0.27876 
764   0.083676   0.281304  0.355788   0.279232 
765   0.084316   0.283708  0.35172   0.280256 
766   0.084004   0.284264  0.349176   0.282556 
767   0.0854   0.285136  0.34658   0.282884 
768   0.084172   0.285128  0.345168   0.285532 
769   0.082444   0.284856  0.342428   0.290272 
770   0.082712   0.283832  0.33942   0.294036 
771   0.083352   0.281572  0.33634   0.298736 
772   0.0838   0.27966  0.33356   0.30298 
773   0.083068   0.275948  0.333348   0.307636 
774   0.084856   0.270512  0.333208   0.311424 
775   0.082908   0.266224  0.33536   0.315508 
776   0.082952   0.260804  0.338116   0.318128 
777   0.083692   0.256416  0.342036   0.317856 
778   0.083112   0.253104  0.347732   0.316052 
779   0.082588   0.249484  0.352668   0.31526 
780   0.08176   0.2478  0.357212   0.313228 
781   0.082804   0.246084  0.361296   0.309816 
782   0.0826   0.24458  0.365696   0.307124 
783   0.081996   0.244292  0.36926   0.304452 
784   0.08162   0.245348  0.372072   0.30096 
785   0.08292   0.246416  0.374812   0.295852 
786   0.083352   0.246992  0.377756   0.2919 
787   0.082456   0.248688  0.379832   0.289024 
788   0.08166   0.250032  0.383284   0.285024 
789   0.082068   0.25188  0.384124   0.281928 
790   0.081816   0.253912  0.385236   0.279036 
791   0.081388   0.255964  0.38592   0.276728 
792   0.083416   0.259512  0.383416   0.273656 
793   0.080772   0.263472  0.3827   0.273056 
794   0.081396   0.2664  0.38062   0.271584 
795   0.081372   0.26942  0.378092   0.271116 
796   0.08148   0.27174  0.375804   0.270976 
797   0.082068   0.27332  0.373744   0.270868 
798   0.082004   0.274636  0.371132   0.272228 
799   0.0812   0.27504  0.370364   0.273396 
800   0.081412   0.27642  0.367216   0.274952 
801   0.081692   0.27794  0.363892   0.276476 
802   0.081604   0.27902  0.361044   0.278332 
803   0.08208   0.279092  0.3582   0.280628 
804   0.083076   0.281728  0.354116   0.28108 
805   0.083812   0.282056  0.351812   0.28232 
806   0.084212   0.282008  0.34912   0.28466 
807   0.083824   0.281672  0.347032   0.287472 
808   0.085272   0.279696  0.345768   0.289264 
809   0.083776   0.278816  0.345996   0.291412 
810   0.084004   0.276132  0.346076   0.293788 
811   0.083572   0.274008  0.346564   0.295856 
812   0.0835   0.271784  0.347428   0.297288 
813   0.082236   0.269424  0.34724   0.3011 
814   0.083288   0.267284  0.346752   0.302676 
815   0.08262   0.265232  0.347804   0.304344 
816   0.082492   0.263796  0.348196   0.305516 
817   0.082084   0.264236  0.348924   0.304756 
818   0.083168   0.262556  0.34944   0.304836 
819   0.0824   0.262356  0.351148   0.304096 
820   0.083356   0.262024  0.352516   0.302104 
821   0.082424   0.262016  0.35506   0.3005 
822   0.0833   0.262464  0.356584   0.297652 
823   0.08258   0.263452  0.35836   0.295608 
824   0.082724   0.264712  0.359288   0.293276 
825   0.081868   0.2657  0.361548   0.290884 
826   0.080756   0.266916  0.362552   0.289776 
827   0.081232   0.268032  0.362352   0.288384 
828   0.081776   0.268728  0.361544   0.287952 
829   0.080968   0.269512  0.360976   0.288544 
830   0.080804   0.269516  0.360312   0.289368 
831   0.082476   0.269908  0.358692   0.288924 
832   0.08116   0.27076  0.358052   0.290028 
833   0.0811   0.2722  0.355584   0.291116 
834   0.081684   0.2724  0.352832   0.293084 
835   0.082216   0.271908  0.349856   0.29602 
836   0.081568   0.271024  0.349044   0.298364 
837   0.080976   0.270416  0.346476   0.302132 
838   0.081136   0.26882  0.344756   0.305288 
839   0.081308   0.26658  0.343248   0.308864 
840   0.081456   0.26504  0.34204   0.311464 
841   0.081196   0.263048  0.342288   0.313468 
842   0.081792   0.259628  0.344312   0.314268 
843   0.08106   0.2571  0.345856   0.315984 
844   0.08144   0.256292  0.346588   0.31568 
845   0.082164   0.254368  0.348832   0.314636 
846   0.083084   0.252648  0.351264   0.313004 
847   0.082532   0.25192  0.354128   0.31142 
848   0.08184   0.252596  0.357064   0.3085 
849   0.083268   0.252332  0.359008   0.305392 
850   0.082108   0.25282  0.361808   0.303264 
851   0.081568   0.254316  0.362296   0.30182 
852   0.080644   0.255824  0.362576   0.300956 
