0   0.15194   0.282916  0.282692   0.282452 
1   0.203492   0.267084  0.264828   0.264596 
2   0.222008   0.263112  0.256804   0.258076 
3   0.227368   0.262688  0.252568   0.257376 
4   0.226768   0.263628  0.251048   0.258556 
5   0.22374   0.265612  0.249872   0.260776 
6   0.222124   0.267064  0.248068   0.262744 
7   0.217284   0.268212  0.247748   0.266756 
8   0.215396   0.268752  0.246476   0.269376 
9   0.210848   0.269808  0.246016   0.273328 
10   0.209312   0.268836  0.245244   0.276608 
11   0.20636   0.267576  0.244764   0.2813 
12   0.203936   0.266632  0.243928   0.285504 
13   0.200472   0.265112  0.244204   0.290212 
14   0.197732   0.263352  0.244192   0.294724 
15   0.194028   0.26118  0.245224   0.299568 
16   0.192392   0.258632  0.246188   0.302788 
17   0.189512   0.256064  0.24932   0.305104 
18   0.185944   0.253312  0.252712   0.308032 
19   0.182052   0.250808  0.25666   0.31048 
20   0.17936   0.24762  0.261136   0.311884 
21   0.177172   0.24394  0.26682   0.312068 
22   0.176804   0.240412  0.271716   0.311068 
23   0.17338   0.2364  0.27846   0.31176 
24   0.171044   0.233876  0.284732   0.310348 
25   0.167948   0.231832  0.291608   0.308612 
26   0.165392   0.23056  0.29776   0.306288 
27   0.162404   0.229456  0.304712   0.303428 
28   0.158628   0.22964  0.31146   0.300272 
29   0.156852   0.229472  0.317244   0.296432 
30   0.15484   0.230256  0.32272   0.292184 
31   0.152284   0.2311  0.32868   0.287936 
32   0.149836   0.231368  0.334832   0.283964 
33   0.146892   0.233052  0.339708   0.280348 
34   0.144396   0.234372  0.344968   0.276264 
35   0.141168   0.237072  0.349708   0.272052 
36   0.138492   0.24006  0.3528   0.268648 
37   0.137348   0.243928  0.354344   0.26438 
38   0.1348   0.247992  0.356656   0.260552 
39   0.132728   0.252308  0.358112   0.256852 
40   0.131496   0.256068  0.358808   0.253628 
41   0.13022   0.261348  0.358776   0.249656 
42   0.130212   0.266356  0.356968   0.246464 
43   0.128192   0.27232  0.355564   0.243924 
44   0.127236   0.277892  0.353396   0.241476 
45   0.12516   0.285076  0.350004   0.23976 
46   0.122832   0.292056  0.346056   0.239056 
47   0.12268   0.297848  0.341536   0.237936 
48   0.120504   0.3041  0.337864   0.237532 
49   0.119244   0.309492  0.333868   0.237396 
50   0.119628   0.313808  0.32808   0.238484 
51   0.118168   0.3189  0.323792   0.23914 
52   0.117756   0.323472  0.3187   0.240072 
53   0.115612   0.327832  0.314052   0.242504 
54   0.115184   0.332436  0.308832   0.243548 
55   0.113268   0.336376  0.303996   0.24636 
56   0.113016   0.33912  0.298704   0.24916 
57   0.112592   0.341  0.294472   0.251936 
58   0.111892   0.34256  0.289856   0.255692 
59   0.111364   0.343692  0.285856   0.259088 
60   0.111148   0.343964  0.282   0.262888 
61   0.109956   0.344424  0.278056   0.267564 
62   0.10882   0.343992  0.275056   0.272132 
63   0.107888   0.342968  0.271936   0.277208 
64   0.107208   0.341208  0.268736   0.282848 
65   0.105792   0.339636  0.265724   0.288848 
66   0.106176   0.336856  0.262556   0.294412 
67   0.105796   0.333252  0.260348   0.300604 
68   0.104492   0.329644  0.258712   0.307152 
69   0.103536   0.326808  0.256232   0.313424 
70   0.104288   0.322696  0.253972   0.319044 
71   0.103456   0.31838  0.252552   0.325612 
72   0.103128   0.314456  0.251372   0.331044 
73   0.103624   0.309804  0.250756   0.335816 
74   0.103308   0.305436  0.249988   0.341268 
75   0.1025   0.300676  0.250368   0.346456 
76   0.10332   0.295124  0.25052   0.351036 
77   0.102664   0.289964  0.251936   0.355436 
78   0.102556   0.284372  0.25298   0.360092 
79   0.102296   0.278356  0.254844   0.364504 
80   0.101668   0.273308  0.256376   0.368648 
81   0.100656   0.26766  0.259472   0.372212 
82   0.100684   0.262132  0.261736   0.375448 
83   0.100356   0.257028  0.264456   0.37816 
84   0.099096   0.252592  0.267876   0.380436 
85   0.0991   0.248224  0.27118   0.381496 
86   0.099492   0.243304  0.274676   0.382528 
87   0.09834   0.239648  0.2785   0.383512 
88   0.09812   0.235248  0.28254   0.384092 
89   0.098072   0.231532  0.286536   0.38386 
90   0.09776   0.22764  0.2907   0.3839 
91   0.098092   0.223908  0.295328   0.382672 
92   0.097492   0.2205  0.2998   0.382208 
93   0.097604   0.217548  0.304468   0.38038 
94   0.097444   0.215092  0.309408   0.378056 
95   0.096972   0.212336  0.31464   0.376052 
96   0.09824   0.209692  0.319312   0.372756 
97   0.097548   0.2085  0.3246   0.369352 
98   0.09708   0.2076  0.329668   0.365652 
99   0.096644   0.206568  0.335632   0.361156 
100   0.09698   0.205836  0.341404   0.35578 
101   0.095512   0.206676  0.347512   0.3503 
102   0.095872   0.20718  0.352928   0.34402 
103   0.095708   0.207592  0.359184   0.337516 
104   0.095532   0.208456  0.364816   0.331196 
105   0.095348   0.209692  0.370624   0.324336 
106   0.096124   0.210484  0.37604   0.317352 
107   0.094868   0.213028  0.381256   0.310848 
108   0.0946   0.214656  0.38682   0.303924 
109   0.09362   0.217556  0.391224   0.2976 
110   0.093344   0.220176  0.396132   0.290348 
111   0.093536   0.222556  0.400296   0.283612 
112   0.093468   0.224648  0.40456   0.277324 
113   0.093436   0.22724  0.408444   0.27088 
114   0.092752   0.230224  0.41144   0.265584 
115   0.091452   0.233456  0.414108   0.260984 
116   0.092176   0.235572  0.415992   0.25626 
117   0.091328   0.238536  0.418896   0.25124 
118   0.092292   0.240936  0.4196   0.247172 
119   0.091876   0.2441  0.420552   0.243472 
120   0.092144   0.246704  0.421308   0.239844 
121   0.091448   0.250096  0.421048   0.237408 
122   0.092696   0.252344  0.419988   0.234972 
123   0.092824   0.255232  0.418992   0.232952 
124   0.092208   0.258336  0.417352   0.232104 
125   0.091776   0.261516  0.415108   0.2316 
126   0.092184   0.264212  0.413232   0.230372 
127   0.091532   0.267932  0.410004   0.230532 
128   0.09314   0.270864  0.40572   0.230276 
129   0.092252   0.273876  0.402344   0.231528 
130   0.093724   0.276816  0.39796   0.2315 
131   0.09328   0.280008  0.394108   0.232604 
132   0.09336   0.283424  0.389768   0.233448 
133   0.094168   0.286772  0.38376   0.2353 
134   0.09516   0.290332  0.378508   0.236 
135   0.094788   0.292724  0.373992   0.238496 
136   0.095792   0.294952  0.368796   0.24046 
137   0.09596   0.298276  0.363268   0.242496 
138   0.095028   0.30074  0.357956   0.246276 
139   0.095424   0.30346  0.352544   0.248572 
140   0.096684   0.3053  0.346824   0.251192 
141   0.097856   0.307124  0.340984   0.254036 
142   0.098016   0.308732  0.335612   0.25764 
143   0.098156   0.309716  0.330592   0.261536 
144   0.097992   0.309808  0.325816   0.266384 
145   0.097316   0.310864  0.321116   0.270704 
146   0.097776   0.310652  0.316672   0.2749 
147   0.098256   0.30952  0.312768   0.279456 
148   0.098212   0.30852  0.308364   0.284904 
149   0.097372   0.307232  0.304872   0.290524 
150   0.096876   0.305164  0.302268   0.295692 
151   0.09718   0.302624  0.299268   0.300928 
152   0.097504   0.300592  0.29614   0.305764 
153   0.097328   0.297212  0.29424   0.31122 
154   0.097396   0.294152  0.292536   0.315916 
155   0.098472   0.290108  0.290776   0.320644 
156   0.098   0.287232  0.289116   0.325652 
157   0.099316   0.282904  0.288   0.32978 
158   0.099456   0.278796  0.287444   0.334304 
159   0.099192   0.274608  0.28624   0.33996 
160   0.099884   0.269888  0.285768   0.34446 
161   0.0993   0.265844  0.28634   0.348516 
162   0.09968   0.261476  0.286392   0.352452 
163   0.100732   0.25716  0.286072   0.356036 
164   0.100972   0.253572  0.286792   0.358664 
165   0.10088   0.249864  0.287676   0.36158 
166   0.10036   0.246232  0.289252   0.364156 
167   0.100952   0.24262  0.2908   0.365628 
168   0.100848   0.239044  0.293324   0.366784 
169   0.10008   0.236412  0.295768   0.36774 
170   0.101316   0.233376  0.297648   0.36766 
171   0.100332   0.230932  0.301452   0.367284 
172   0.099644   0.227832  0.305656   0.366868 
173   0.099496   0.224772  0.310072   0.36566 
174   0.09908   0.221772  0.314676   0.364472 
175   0.098436   0.220268  0.319772   0.361524 
176   0.09804   0.217908  0.324256   0.359796 
177   0.098648   0.21506  0.329352   0.35694 
178   0.099044   0.212516  0.334532   0.353908 
179   0.098128   0.210148  0.339744   0.35198 
180   0.097632   0.208544  0.34456   0.349264 
181   0.098276   0.206872  0.349488   0.345364 
182   0.098904   0.20472  0.35428   0.342096 
183   0.097984   0.203584  0.359784   0.338648 
184   0.097652   0.203256  0.364476   0.334616 
185   0.096432   0.202888  0.37026   0.33042 
186   0.096256   0.202944  0.374848   0.325952 
187   0.095444   0.203388  0.379892   0.321276 
188   0.095644   0.204148  0.384068   0.31614 
189   0.095628   0.20494  0.388752   0.31068 
190   0.096624   0.205956  0.392264   0.305156 
191   0.09632   0.206988  0.397756   0.298936 
192   0.095388   0.208672  0.401344   0.294596 
193   0.096168   0.210488  0.404064   0.28928 
194   0.096064   0.21242  0.407288   0.284228 
195   0.095588   0.2149  0.410316   0.279196 
196   0.09604   0.217352  0.412508   0.2741 
197   0.095304   0.219552  0.415056   0.270088 
198   0.095424   0.221424  0.416504   0.266648 
199   0.096896   0.223076  0.41746   0.262568 
200   0.095636   0.225712  0.418664   0.259988 
201   0.096228   0.22754  0.419536   0.256696 
202   0.09612   0.230008  0.419136   0.254736 
203   0.095252   0.232848  0.419488   0.252412 
204   0.095576   0.235744  0.418876   0.249804 
205   0.095732   0.238488  0.418416   0.247364 
206   0.096352   0.240992  0.41716   0.245496 
207   0.096324   0.244056  0.415776   0.243844 
208   0.097516   0.245668  0.413944   0.242872 
209   0.096044   0.24924  0.412152   0.242564 
210   0.097388   0.251564  0.409416   0.241632 
211   0.097172   0.2544  0.405868   0.24256 
212   0.097436   0.2571  0.403196   0.242268 
213   0.097404   0.259276  0.400048   0.243272 
214   0.097452   0.261492  0.395988   0.245068 
215   0.098548   0.263008  0.39164   0.246804 
216   0.098324   0.265244  0.38802   0.248412 
217   0.098188   0.2682  0.384164   0.249448 
218   0.098532   0.269336  0.379696   0.252436 
219   0.098832   0.270916  0.375316   0.254936 
220   0.099124   0.27234  0.370744   0.257792 
221   0.10058   0.273584  0.36542   0.260416 
222   0.100152   0.275608  0.36108   0.26316 
223   0.101208   0.276484  0.356368   0.26594 
224   0.102204   0.27706  0.351144   0.269592 
225   0.10212   0.278144  0.346856   0.27288 
226   0.102008   0.277804  0.343332   0.276856 
227   0.102952   0.277968  0.338852   0.280228 
228   0.102596   0.277992  0.335444   0.283968 
229   0.102768   0.27716  0.332612   0.28746 
230   0.102808   0.277096  0.329496   0.2906 
231   0.10212   0.27748  0.326028   0.294372 
232   0.103008   0.276296  0.323384   0.297312 
233   0.102852   0.275652  0.321468   0.300028 
234   0.102332   0.275324  0.319224   0.30312 
235   0.10204   0.27362  0.318412   0.305928 
236   0.102288   0.272464  0.31684   0.308408 
237   0.10216   0.270568  0.31562   0.311652 
238   0.103232   0.268256  0.314708   0.313804 
239   0.103164   0.267004  0.313996   0.315836 
240   0.1029   0.265856  0.3131   0.318144 
241   0.103128   0.263728  0.312676   0.320468 
242   0.10308   0.262372  0.312748   0.3218 
243   0.104464   0.259336  0.313364   0.322836 
244   0.103724   0.256948  0.314228   0.3251 
245   0.103216   0.255092  0.315696   0.325996 
246   0.102924   0.252928  0.317324   0.326824 
247   0.102548   0.251084  0.319348   0.32702 
248   0.102848   0.2487  0.32166   0.326792 
249   0.102132   0.246892  0.32408   0.326896 
250   0.1025   0.2444  0.32672   0.32638 
251   0.102488   0.242172  0.329812   0.325528 
252   0.102264   0.240144  0.332464   0.325128 
253   0.102264   0.23908  0.335276   0.32338 
254   0.10132   0.238156  0.33844   0.322084 
255   0.10268   0.23642  0.341052   0.319848 
256   0.102452   0.235096  0.3447   0.317752 
257   0.101664   0.233844  0.347448   0.317044 
258   0.101336   0.233016  0.350256   0.315392 
259   0.100216   0.23192  0.354   0.313864 
260   0.100404   0.230532  0.35678   0.312284 
261   0.10022   0.230728  0.359804   0.309248 
262   0.100828   0.229892  0.362224   0.307056 
263   0.09962   0.229808  0.36528   0.305292 
264   0.09952   0.229668  0.368276   0.302536 
265   0.100208   0.229416  0.370956   0.29942 
266   0.100032   0.229896  0.374316   0.295756 
267   0.099256   0.231252  0.376524   0.292968 
268   0.099652   0.23194  0.37866   0.289748 
269   0.099156   0.2327  0.381068   0.287076 
270   0.099544   0.233704  0.38248   0.284272 
271   0.098632   0.234772  0.384616   0.28198 
272   0.100088   0.235332  0.385492   0.279088 
273   0.099964   0.236968  0.387056   0.276012 
274   0.099708   0.238292  0.388184   0.273816 
275   0.099628   0.2395  0.389932   0.27094 
276   0.10042   0.241868  0.390348   0.267364 
277   0.09996   0.243564  0.39166   0.264816 
278   0.099536   0.244832  0.392612   0.26302 
279   0.099408   0.246156  0.392724   0.261712 
280   0.100348   0.247328  0.392416   0.259908 
281   0.099852   0.248876  0.392524   0.258748 
282   0.098996   0.250556  0.392388   0.25806 
283   0.099676   0.251032  0.391816   0.257476 
284   0.100384   0.25218  0.390032   0.257404 
285   0.100072   0.254496  0.38856   0.256872 
286   0.099012   0.25638  0.387196   0.257412 
287   0.098484   0.257668  0.386216   0.257632 
288   0.098788   0.258832  0.384364   0.258016 
289   0.099108   0.260616  0.382196   0.25808 
290   0.099156   0.261656  0.380368   0.25882 
291   0.098456   0.26346  0.378616   0.259468 
292   0.097576   0.26402  0.377164   0.26124 
293   0.097532   0.264348  0.374868   0.263252 
294   0.098628   0.263668  0.372588   0.265116 
295   0.097944   0.263712  0.370776   0.267568 
296   0.097992   0.26406  0.36814   0.269808 
297   0.098948   0.263628  0.36492   0.272504 
298   0.09902   0.26378  0.362132   0.275068 
299   0.098348   0.263988  0.359952   0.277712 
300   0.099128   0.26346  0.356932   0.28048 
301   0.098848   0.263484  0.354108   0.28356 
302   0.098636   0.262464  0.351992   0.286908 
303   0.099272   0.262152  0.34938   0.289196 
304   0.100872   0.261912  0.34558   0.291636 
305   0.099696   0.261352  0.343868   0.295084 
306   0.09938   0.261668  0.34086   0.298092 
307   0.10056   0.261272  0.337612   0.300556 
308   0.099444   0.26162  0.336056   0.30288 
309   0.101092   0.261572  0.33344   0.303896 
310   0.101544   0.26208  0.331744   0.304632 
311   0.10208   0.261612  0.33026   0.306048 
312   0.102552   0.261308  0.329212   0.306928 
313   0.103064   0.260748  0.327996   0.308192 
314   0.103012   0.260756  0.327568   0.308664 
315   0.103228   0.260776  0.327148   0.308848 
316   0.103024   0.26018  0.32692   0.309876 
317   0.103856   0.259408  0.326892   0.309844 
318   0.102572   0.259992  0.32702   0.310416 
319   0.103016   0.259308  0.327524   0.310152 
320   0.103336   0.258448  0.328156   0.31006 
321   0.103856   0.257372  0.329336   0.309436 
322   0.102956   0.257256  0.331104   0.308684 
323   0.103644   0.255376  0.333056   0.307924 
324   0.10328   0.253484  0.33532   0.307916 
325   0.10436   0.251744  0.33724   0.306656 
326   0.103688   0.25062  0.339652   0.30604 
327   0.103596   0.248868  0.342168   0.305368 
328   0.103524   0.246988  0.344656   0.304832 
329   0.10358   0.244856  0.347256   0.304308 
330   0.102408   0.243164  0.350168   0.30426 
331   0.101084   0.242168  0.352616   0.304132 
332   0.10188   0.239888  0.355232   0.303 
333   0.101816   0.238492  0.356872   0.30282 
334   0.10202   0.236568  0.359388   0.302024 
335   0.1014   0.235764  0.36226   0.300576 
336   0.10122   0.235164  0.36506   0.298556 
337   0.101564   0.234556  0.367528   0.296352 
338   0.10198   0.23394  0.369792   0.294288 
339   0.101436   0.234212  0.37174   0.292612 
340   0.1014   0.234596  0.373652   0.290352 
341   0.101496   0.235264  0.375204   0.288036 
342   0.101708   0.235944  0.376708   0.28564 
343   0.10184   0.236628  0.377608   0.283924 
344   0.10092   0.238288  0.378476   0.282316 
345   0.10094   0.239192  0.378876   0.280992 
346   0.102184   0.240736  0.378036   0.279044 
347   0.10232   0.242452  0.378192   0.277036 
348   0.10246   0.243788  0.378364   0.275388 
349   0.102432   0.245392  0.378336   0.27384 
350   0.101356   0.246484  0.379312   0.272848 
351   0.102228   0.247624  0.37838   0.271768 
352   0.101888   0.249152  0.378212   0.270748 
353   0.102716   0.2504  0.37826   0.268624 
354   0.100528   0.252276  0.378824   0.268372 
355   0.100376   0.253184  0.378704   0.267736 
356   0.100176   0.253652  0.378112   0.26806 
357   0.099508   0.254888  0.377648   0.267956 
358   0.098768   0.256284  0.376548   0.2684 
359   0.099652   0.25738  0.37486   0.268108 
360   0.099004   0.258648  0.372612   0.269736 
361   0.098076   0.259744  0.371128   0.271052 
362   0.098948   0.26126  0.368092   0.2717 
363   0.09984   0.26208  0.365616   0.272464 
364   0.098824   0.263524  0.363284   0.274368 
365   0.098784   0.264132  0.361004   0.27608 
366   0.098932   0.265096  0.358248   0.277724 
367   0.098148   0.265668  0.356084   0.2801 
368   0.098024   0.266932  0.353492   0.281552 
369   0.098472   0.268104  0.349864   0.28356 
370   0.098756   0.268664  0.347112   0.285468 
371   0.099332   0.268828  0.344512   0.287328 
372   0.099356   0.268768  0.342616   0.28926 
373   0.10028   0.26916  0.340332   0.290228 
374   0.10068   0.269076  0.338008   0.292236 
375   0.100556   0.26884  0.336632   0.293972 
376   0.101576   0.268724  0.334356   0.295344 
377   0.100972   0.268356  0.333956   0.296716 
378   0.100548   0.26856  0.33232   0.298572 
379   0.101072   0.269284  0.330364   0.29928 
380   0.101548   0.269044  0.329112   0.300296 
381   0.102216   0.268964  0.327152   0.301668 
382   0.10144   0.269592  0.326264   0.302704 
383   0.100696   0.270144  0.324896   0.304264 
384   0.101408   0.269748  0.32424   0.304604 
385   0.101388   0.269552  0.323852   0.305208 
386   0.10214   0.268296  0.32352   0.306044 
387   0.101724   0.267696  0.323744   0.306836 
388   0.101224   0.26674  0.32416   0.307876 
389   0.10092   0.265856  0.324772   0.308452 
390   0.10142   0.263984  0.324848   0.309748 
391   0.10092   0.26226  0.325108   0.311712 
392   0.099944   0.260584  0.326192   0.31328 
393   0.100048   0.25886  0.327412   0.31368 
394   0.099588   0.25698  0.328024   0.315408 
395   0.100156   0.25438  0.328948   0.316516 
396   0.09932   0.252088  0.33028   0.318312 
397   0.1001   0.249456  0.33122   0.319224 
398   0.100828   0.247356  0.331808   0.320008 
399   0.10106   0.245124  0.332968   0.320848 
400   0.100496   0.242952  0.334332   0.32222 
401   0.100476   0.240724  0.336328   0.322472 
402   0.099712   0.239056  0.33872   0.322512 
403   0.099036   0.237824  0.340208   0.322932 
404   0.09946   0.235264  0.34262   0.322656 
405   0.099988   0.23404  0.344184   0.321788 
406   0.100468   0.2327  0.345452   0.32138 
407   0.100476   0.231268  0.347248   0.321008 
408   0.100276   0.23032  0.349396   0.320008 
409   0.100396   0.229704  0.350688   0.319212 
410   0.100076   0.22922  0.35226   0.318444 
411   0.100032   0.22824  0.353796   0.317932 
412   0.099576   0.22788  0.355984   0.31656 
413   0.101164   0.22706  0.357048   0.314728 
414   0.101792   0.227068  0.358012   0.313128 
415   0.100716   0.2269  0.361248   0.311136 
416   0.100188   0.227112  0.36344   0.30926 
417   0.10042   0.227224  0.365012   0.307344 
418   0.10108   0.226872  0.366812   0.305236 
419   0.099772   0.2274  0.368984   0.303844 
420   0.100792   0.227456  0.370564   0.301188 
421   0.1014   0.228344  0.371424   0.298832 
422   0.099752   0.229848  0.373584   0.296816 
423   0.10018   0.23084  0.375   0.29398 
424   0.099092   0.232744  0.376896   0.291268 
425   0.09932   0.23414  0.3779   0.28864 
426   0.100844   0.234856  0.378596   0.285704 
427   0.099656   0.237052  0.38012   0.283172 
428   0.100056   0.238548  0.380692   0.280704 
429   0.099132   0.239596  0.382404   0.278868 
430   0.098264   0.241616  0.382568   0.277552 
431   0.097532   0.243064  0.383344   0.27606 
432   0.097464   0.244236  0.3833   0.275 
433   0.097784   0.245616  0.383052   0.273548 
434   0.098324   0.246504  0.382892   0.27228 
435   0.098684   0.247008  0.382944   0.271364 
436   0.098076   0.2476  0.383176   0.271148 
437   0.098336   0.248284  0.382696   0.270684 
438   0.098648   0.248616  0.38234   0.270396 
439   0.099588   0.248832  0.38164   0.26994 
440   0.099324   0.249156  0.381652   0.269868 
441   0.099564   0.248884  0.381656   0.269896 
442   0.098932   0.24924  0.382072   0.269756 
443   0.099056   0.250092  0.380908   0.269944 
444   0.099532   0.250256  0.380632   0.26958 
445   0.099644   0.25134  0.380024   0.268992 
446   0.097908   0.252824  0.379492   0.269776 
447   0.098684   0.253792  0.377752   0.269772 
448   0.09888   0.254468  0.376636   0.270016 
449   0.098932   0.255052  0.375756   0.27026 
450   0.098852   0.255592  0.374352   0.271204 
451   0.099856   0.256304  0.372428   0.271412 
452   0.099652   0.256696  0.371644   0.272008 
453   0.099976   0.256796  0.369736   0.273492 
454   0.100636   0.256716  0.367812   0.274836 
455   0.099548   0.256924  0.367204   0.276324 
456   0.101228   0.257028  0.364728   0.277016 
457   0.100876   0.257444  0.363068   0.278612 
458   0.100252   0.25766  0.361548   0.28054 
459   0.10012   0.256696  0.359772   0.283412 
460   0.099668   0.256696  0.358192   0.285444 
461   0.100456   0.256524  0.356136   0.286884 
462   0.100032   0.255952  0.354836   0.28918 
463   0.100108   0.256308  0.353344   0.29024 
464   0.09986   0.256412  0.352024   0.291704 
465   0.09998   0.255668  0.350596   0.293756 
466   0.1003   0.255048  0.348844   0.295808 
467   0.10076   0.254188  0.347548   0.297504 
468   0.101   0.253224  0.346544   0.299232 
469   0.102452   0.252656  0.344064   0.300828 
470   0.101156   0.252608  0.342972   0.303264 
471   0.10146   0.252376  0.34212   0.304044 
472   0.10138   0.251736  0.341188   0.305696 
473   0.101048   0.251432  0.340568   0.306952 
474   0.10274   0.249888  0.339832   0.30754 
475   0.103412   0.248728  0.339672   0.308188 
476   0.102888   0.248072  0.339892   0.309148 
477   0.102812   0.246748  0.340296   0.310144 
478   0.103512   0.245864  0.340752   0.309872 
479   0.103692   0.2453  0.341012   0.309996 
480   0.103084   0.244688  0.34176   0.310468 
481   0.102808   0.244212  0.342252   0.310728 
482   0.101756   0.243572  0.343364   0.311308 
483   0.101104   0.243036  0.344512   0.311348 
484   0.101608   0.242044  0.345468   0.31088 
485   0.100572   0.241564  0.346856   0.311008 
486   0.1007   0.24116  0.348008   0.310132 
487   0.10086   0.2401  0.348752   0.310288 
488   0.101224   0.23886  0.349904   0.310012 
489   0.100792   0.237392  0.351528   0.310288 
490   0.10052   0.236036  0.352484   0.31096 
491   0.100632   0.235208  0.353248   0.310912 
492   0.10104   0.234208  0.354452   0.3103 
493   0.10154   0.233828  0.354476   0.310156 
494   0.102224   0.233096  0.355488   0.309192 
495   0.102124   0.23276  0.356928   0.308188 
496   0.101876   0.232  0.358016   0.308108 
497   0.10192   0.23266  0.358192   0.307228 
498   0.10228   0.232468  0.35966   0.305592 
499   0.102684   0.23222  0.360912   0.304184 
500   0.102756   0.232064  0.362312   0.302868 
501   0.102496   0.232508  0.363352   0.301644 
502   0.10178   0.232868  0.365044   0.300308 
503   0.10218   0.23278  0.366196   0.298844 
504   0.10252   0.233136  0.367384   0.29696 
505   0.10166   0.233972  0.368396   0.295972 
506   0.101688   0.23448  0.370024   0.293808 
507   0.1015   0.235584  0.370744   0.292172 
508   0.100588   0.236424  0.371568   0.29142 
509   0.101088   0.236828  0.37192   0.290164 
510   0.100064   0.238228  0.372956   0.288752 
511   0.100068   0.23912  0.372568   0.288244 
512   0.100984   0.240612  0.372732   0.285672 
513   0.10022   0.2418  0.373328   0.284652 
514   0.10072   0.24318  0.373804   0.282296 
515   0.099756   0.24456  0.374424   0.28126 
516   0.10066   0.245396  0.374728   0.279216 
517   0.100524   0.246012  0.375864   0.2776 
518   0.1008   0.2469  0.376216   0.276084 
519   0.100536   0.247504  0.376552   0.275408 
520   0.101276   0.248796  0.376088   0.27384 
521   0.101588   0.249576  0.376096   0.27274 
522   0.10216   0.250824  0.375428   0.271588 
523   0.102724   0.251112  0.37514   0.271024 
524   0.102196   0.251588  0.375204   0.271012 
525   0.101596   0.252504  0.37418   0.27172 
526   0.100992   0.25316  0.373716   0.272132 
527   0.101884   0.253792  0.371748   0.272576 
528   0.102764   0.253252  0.370068   0.273916 
529   0.101644   0.253896  0.368568   0.275892 
530   0.10284   0.25426  0.366316   0.276584 
531   0.103432   0.25474  0.36412   0.277708 
532   0.10334   0.25486  0.362936   0.278864 
533   0.103524   0.255624  0.360716   0.280136 
534   0.103972   0.256028  0.359236   0.280764 
535   0.102816   0.256976  0.357236   0.282972 
536   0.102116   0.257456  0.355944   0.284484 
537   0.103336   0.257032  0.353772   0.28586 
538   0.103588   0.256772  0.352704   0.286936 
539   0.103692   0.257228  0.351032   0.288048 
540   0.102592   0.257756  0.350172   0.28948 
541   0.103432   0.257104  0.3488   0.290664 
542   0.103672   0.256708  0.3475   0.29212 
543   0.103132   0.256156  0.346976   0.293736 
544   0.103144   0.255404  0.345552   0.2959 
545   0.103216   0.254644  0.345004   0.297136 
546   0.103208   0.253616  0.344624   0.298552 
547   0.10316   0.253172  0.34338   0.300288 
548   0.10316   0.252652  0.343032   0.301156 
549   0.102032   0.252324  0.343672   0.301972 
550   0.102128   0.251132  0.344704   0.302036 
551   0.10136   0.251084  0.344496   0.30306 
552   0.10074   0.250892  0.3451   0.303268 
553   0.0999   0.250644  0.34584   0.303616 
554   0.099792   0.250524  0.346052   0.303632 
555   0.100584   0.249952  0.34652   0.302944 
556   0.099428   0.249968  0.347964   0.30264 
557   0.099364   0.248964  0.348844   0.302828 
558   0.098704   0.248728  0.350676   0.301892 
559   0.098736   0.2477  0.352416   0.301148 
560   0.09876   0.246856  0.354064   0.30032 
561   0.098864   0.246436  0.355   0.2997 
562   0.098892   0.2462  0.356608   0.2983 
563   0.099112   0.244908  0.358152   0.297828 
564   0.100484   0.243624  0.358948   0.296944 
565   0.099668   0.242892  0.361744   0.295696 
566   0.099864   0.24126  0.36316   0.295716 
567   0.099876   0.241012  0.364424   0.294688 
568   0.100844   0.240148  0.365604   0.293404 
569   0.100608   0.240296  0.366316   0.29278 
570   0.100952   0.240724  0.367392   0.290932 
571   0.100716   0.240792  0.368892   0.2896 
572   0.1005   0.240256  0.370568   0.288676 
573   0.100556   0.240184  0.372216   0.287044 
574   0.100248   0.24014  0.373524   0.286088 
575   0.100068   0.240588  0.374464   0.28488 
576   0.100064   0.240616  0.375716   0.283604 
577   0.098944   0.24202  0.376056   0.28298 
578   0.098224   0.2421  0.377476   0.2822 
579   0.097292   0.242536  0.378384   0.281788 
580   0.096396   0.244008  0.378644   0.280952 
581   0.095992   0.245304  0.379084   0.27962 
582   0.096012   0.246436  0.379692   0.27786 
583   0.096536   0.24772  0.379592   0.276152 
584   0.097668   0.24856  0.379556   0.274216 
585   0.098156   0.250108  0.379232   0.272504 
586   0.097676   0.250732  0.379552   0.27204 
587   0.09896   0.251416  0.379532   0.270092 
588   0.098724   0.25286  0.379136   0.26928 
589   0.099936   0.254048  0.377656   0.26836 
590   0.099852   0.255476  0.376972   0.2677 
591   0.10016   0.25678  0.375308   0.267752 
592   0.101632   0.257664  0.373256   0.267448 
593   0.101344   0.25918  0.372536   0.26694 
594   0.101252   0.260456  0.37118   0.267112 
595   0.100072   0.261784  0.370072   0.268072 
596   0.10076   0.263548  0.368036   0.267656 
597   0.1012   0.265352  0.366456   0.266992 
598   0.10172   0.265976  0.365148   0.267156 
599   0.100516   0.2675  0.364072   0.267912 
600   0.099456   0.26894  0.363528   0.268076 
601   0.100252   0.269596  0.361552   0.2686 
602   0.098644   0.270924  0.359848   0.270584 
603   0.098116   0.271616  0.358524   0.271744 
604   0.098416   0.271688  0.356768   0.273128 
605   0.098796   0.271752  0.35482   0.274632 
606   0.099352   0.271788  0.353028   0.275832 
607   0.099076   0.27092  0.351148   0.278856 
608   0.09938   0.270544  0.349164   0.280912 
609   0.099564   0.269644  0.34788   0.282912 
610   0.10068   0.26844  0.345956   0.284924 
611   0.10114   0.26784  0.344648   0.286372 
612   0.101308   0.266172  0.34358   0.28894 
613   0.101328   0.26478  0.34192   0.291972 
614   0.1009   0.26294  0.340684   0.295476 
615   0.100852   0.261564  0.3394   0.298184 
616   0.100552   0.26018  0.33834   0.300928 
617   0.100048   0.258344  0.337036   0.304572 
618   0.100212   0.257632  0.335448   0.306708 
619   0.100088   0.257184  0.334092   0.308636 
620   0.100072   0.256244  0.333064   0.31062 
621   0.099728   0.256024  0.331496   0.312752 
622   0.09906   0.25628  0.330012   0.314648 
623   0.099916   0.25586  0.32866   0.315564 
624   0.099088   0.255632  0.328032   0.317248 
625   0.09932   0.25554  0.327532   0.317608 
626   0.099372   0.255148  0.327676   0.317804 
627   0.099444   0.255448  0.327536   0.317572 
628   0.098964   0.255644  0.327304   0.318088 
629   0.098676   0.25492  0.327724   0.31868 
630   0.099192   0.254388  0.327784   0.318636 
631   0.098872   0.253868  0.328796   0.318464 
632   0.097744   0.253224  0.330408   0.318624 
633   0.099196   0.252372  0.331556   0.316876 
634   0.099044   0.251592  0.332808   0.316556 
635   0.099012   0.251116  0.334124   0.315748 
636   0.099384   0.250308  0.335464   0.314844 
637   0.09854   0.250384  0.337232   0.313844 
638   0.099628   0.24912  0.338384   0.312868 
639   0.09964   0.248144  0.340396   0.31182 
640   0.099832   0.247288  0.341748   0.311132 
641   0.099364   0.246736  0.342876   0.311024 
642   0.100392   0.245112  0.343276   0.31122 
643   0.100196   0.243448  0.344232   0.312124 
644   0.099484   0.241952  0.346276   0.312288 
645   0.100232   0.240796  0.346636   0.312336 
646   0.100144   0.240056  0.34774   0.31206 
647   0.098932   0.239344  0.349628   0.312096 
648   0.10028   0.238192  0.350268   0.31126 
649   0.100912   0.237488  0.351104   0.310496 
650   0.100956   0.236356  0.35208   0.310608 
651   0.1004   0.23598  0.352964   0.310656 
652   0.100648   0.2356  0.354056   0.309696 
653   0.101832   0.234692  0.354888   0.308588 
654   0.100904   0.23446  0.356368   0.308268 
655   0.100788   0.23446  0.357476   0.307276 
656   0.100156   0.234008  0.358792   0.307044 
657   0.100284   0.234252  0.36   0.305464 
658   0.100752   0.233544  0.361164   0.30454 
659   0.10104   0.234312  0.362232   0.302416 
660   0.100292   0.235324  0.363324   0.30106 
661   0.099884   0.236668  0.364288   0.29916 
662   0.100548   0.237512  0.364572   0.297368 
663   0.09996   0.238644  0.365624   0.295772 
664   0.099376   0.24006  0.366528   0.294036 
665   0.097876   0.24088  0.368304   0.29294 
666   0.098376   0.241264  0.369096   0.291264 
667   0.097548   0.242404  0.369668   0.29038 
668   0.098228   0.242812  0.370376   0.288584 
669   0.099472   0.243592  0.370628   0.286308 
670   0.09948   0.24448  0.37156   0.28448 
671   0.098848   0.244728  0.37336   0.283064 
672   0.098952   0.245352  0.374224   0.281472 
673   0.099172   0.245376  0.374728   0.280724 
674   0.098064   0.246664  0.3754   0.279872 
675   0.097896   0.247496  0.375836   0.278772 
676   0.098924   0.24684  0.376248   0.277988 
677   0.098468   0.24744  0.376536   0.277556 
678   0.098292   0.248204  0.376264   0.27724 
679   0.098816   0.248812  0.375484   0.276888 
680   0.099156   0.249444  0.37498   0.27642 
681   0.098796   0.250748  0.373768   0.276688 
682   0.098836   0.251636  0.3724   0.277128 
683   0.099964   0.2522  0.370388   0.277448 
684   0.100256   0.253304  0.36872   0.27772 
685   0.100288   0.254288  0.3672   0.278224 
686   0.099488   0.256096  0.365504   0.278912 
687   0.100472   0.256496  0.362848   0.280184 
688   0.10046   0.257712  0.361108   0.28072 
689   0.101612   0.25896  0.358836   0.280592 
690   0.101036   0.260516  0.356844   0.281604 
691   0.10038   0.261912  0.35468   0.283028 
692   0.101044   0.262592  0.352176   0.284188 
693   0.101632   0.26362  0.349988   0.28476 
694   0.101824   0.2644  0.3477   0.286076 
695   0.103468   0.264752  0.344924   0.286856 
696   0.102908   0.265368  0.34432   0.287404 
697   0.102956   0.265688  0.342744   0.288612 
698   0.102524   0.266436  0.341096   0.289944 
699   0.100944   0.267256  0.339556   0.292244 
700   0.10102   0.2678  0.337812   0.293368 
701   0.101464   0.267972  0.336216   0.294348 
702   0.102308   0.267892  0.334444   0.295356 
703   0.101836   0.267608  0.333392   0.297164 
704   0.1024   0.266684  0.332588   0.298328 
705   0.103064   0.266392  0.331172   0.299372 
706   0.103668   0.265504  0.330628   0.3002 
707   0.103304   0.264416  0.330596   0.301684 
708   0.102372   0.263104  0.330872   0.303652 
709   0.102988   0.261888  0.330488   0.304636 
710   0.102432   0.260284  0.331048   0.306236 
711   0.10266   0.2582  0.33172   0.30742 
712   0.102656   0.25586  0.3319   0.309584 
713   0.102468   0.253756  0.3318   0.311976 
714   0.102652   0.251144  0.332456   0.313748 
715   0.103616   0.24812  0.33326   0.315004 
716   0.103832   0.245736  0.333844   0.316588 
717   0.102796   0.244208  0.334788   0.318208 
718   0.103772   0.241368  0.335688   0.319172 
719   0.10364   0.239208  0.336232   0.32092 
720   0.10414   0.23694  0.337036   0.321884 
721   0.10344   0.236052  0.337848   0.32266 
722   0.102616   0.234596  0.339212   0.323576 
723   0.102516   0.233192  0.34022   0.324072 
724   0.102668   0.230408  0.342184   0.32474 
725   0.102468   0.22904  0.34466   0.323832 
726   0.101952   0.227612  0.346904   0.323532 
727   0.10168   0.226912  0.3491   0.322308 
728   0.101956   0.22546  0.35118   0.321404 
729   0.10142   0.224232  0.354516   0.319832 
730   0.10118   0.223036  0.357372   0.318412 
731   0.101876   0.22174  0.360232   0.316152 
732   0.101256   0.220932  0.362516   0.315296 
733   0.100984   0.220724  0.36592   0.312372 
734   0.101144   0.219924  0.368616   0.310316 
735   0.101632   0.218948  0.372056   0.307364 
736   0.101368   0.218172  0.375084   0.305376 
737   0.101404   0.217264  0.377532   0.3038 
738   0.101   0.21634  0.380868   0.301792 
739   0.10174   0.215424  0.383728   0.299108 
740   0.102584   0.214284  0.386504   0.296628 
741   0.1028   0.214172  0.388968   0.29406 
742   0.1009   0.214348  0.392   0.292752 
743   0.101072   0.213964  0.395004   0.28996 
744   0.10158   0.214068  0.397552   0.2868 
745   0.101408   0.214772  0.399888   0.283932 
746   0.10242   0.214976  0.401744   0.28086 
747   0.101104   0.215916  0.403912   0.279068 
748   0.101136   0.216164  0.406608   0.276092 
749   0.102312   0.215996  0.408196   0.273496 
750   0.101588   0.217352  0.410344   0.270716 
751   0.10108   0.219536  0.411352   0.268032 
752   0.102664   0.22114  0.411352   0.264844 
753   0.10232   0.223348  0.412616   0.261716 
754   0.103172   0.224752  0.412896   0.25918 
755   0.1029   0.226792  0.413356   0.256952 
756   0.102852   0.2294  0.412496   0.255252 
757   0.10318   0.231924  0.412004   0.252892 
758   0.104228   0.233884  0.410532   0.251356 
759   0.1033   0.237016  0.409536   0.250148 
760   0.103124   0.238832  0.408316   0.249728 
761   0.103076   0.241064  0.407092   0.248768 
762   0.103352   0.24318  0.405688   0.24778 
763   0.103516   0.245508  0.403736   0.24724 
764   0.102836   0.24802  0.401392   0.247752 
765   0.102688   0.249532  0.39942   0.24836 
766   0.102588   0.250948  0.39726   0.249204 
767   0.102704   0.252832  0.394372   0.250092 
768   0.103628   0.254572  0.390628   0.251172 
769   0.103716   0.256568  0.387524   0.252192 
770   0.10322   0.258492  0.38394   0.254348 
771   0.103844   0.26016  0.379888   0.256108 
772   0.104832   0.26172  0.375456   0.257992 
773   0.104424   0.263704  0.371444   0.260428 
774   0.104   0.26572  0.367616   0.262664 
775   0.104548   0.266508  0.363828   0.265116 
776   0.10494   0.2678  0.36012   0.26714 
777   0.106084   0.268796  0.356008   0.269112 
778   0.107004   0.269984  0.3519   0.271112 
779   0.1059   0.271632  0.348964   0.273504 
780   0.105272   0.272916  0.346192   0.27562 
781   0.106588   0.272768  0.343356   0.277288 
782   0.106856   0.273136  0.340888   0.27912 
783   0.108196   0.273304  0.337988   0.280512 
784   0.108116   0.274012  0.336384   0.281488 
785   0.107688   0.27418  0.33486   0.283272 
786   0.107344   0.274688  0.333072   0.284896 
787   0.1071   0.275192  0.331716   0.285992 
788   0.1068   0.27478  0.330212   0.288208 
789   0.106952   0.27446  0.329156   0.289432 
790   0.107464   0.273432  0.328096   0.291008 
791   0.10658   0.27316  0.327232   0.293028 
792   0.108124   0.27164  0.325924   0.294312 
793   0.108112   0.27024  0.325568   0.29608 
794   0.107988   0.26876  0.325536   0.297716 
795   0.106368   0.2673  0.32626   0.300072 
796   0.106188   0.26594  0.326332   0.30154 
797   0.105616   0.26452  0.326788   0.303076 
798   0.105216   0.262184  0.327456   0.305144 
799   0.106288   0.259512  0.327268   0.306932 
800   0.10666   0.257248  0.327688   0.308404 
801   0.106352   0.255004  0.327788   0.310856 
802   0.105876   0.25308  0.328532   0.312512 
803   0.1058   0.25114  0.329612   0.313448 
804   0.105312   0.249072  0.330808   0.314808 
805   0.104108   0.246844  0.333052   0.315996 
806   0.1041   0.244328  0.334788   0.316784 
807   0.103636   0.24202  0.336496   0.317848 
808   0.103416   0.239984  0.337416   0.319184 
809   0.103104   0.238384  0.338068   0.320444 
810   0.104228   0.236856  0.33858   0.320336 
811   0.104732   0.235184  0.339416   0.320668 
812   0.105372   0.234028  0.340012   0.320588 
813   0.10478   0.233328  0.341268   0.320624 
814   0.104508   0.233264  0.34224   0.319988 
815   0.102772   0.23404  0.343832   0.319356 
816   0.102896   0.233584  0.34546   0.31806 
817   0.101388   0.23494  0.346988   0.316684 
818   0.101172   0.235876  0.348148   0.314804 
819   0.101504   0.236452  0.349844   0.3122 
820   0.1014   0.236856  0.351208   0.310536 
821   0.10168   0.237984  0.352608   0.307728 
822   0.10108   0.239312  0.35422   0.305388 
823   0.100616   0.240968  0.35504   0.303376 
824   0.101036   0.241928  0.35672   0.300316 
825   0.101548   0.242668  0.357448   0.298336 
826   0.101068   0.2436  0.358724   0.296608 
827   0.100272   0.245636  0.359996   0.294096 
828   0.099416   0.24748  0.360972   0.292132 
829   0.101188   0.247972  0.361404   0.289436 
830   0.100364   0.248856  0.36252   0.28826 
831   0.100564   0.250588  0.362752   0.286096 
832   0.100488   0.252012  0.364068   0.283432 
833   0.100672   0.252576  0.36506   0.281692 
834   0.100092   0.254336  0.365912   0.27966 
835   0.098972   0.255768  0.367052   0.278208 
836   0.098704   0.256744  0.368076   0.276476 
837   0.09874   0.257148  0.368588   0.275524 
838   0.098764   0.257752  0.369376   0.274108 
839   0.099212   0.257464  0.370432   0.272892 
840   0.098912   0.25656  0.371604   0.272924 
841   0.097364   0.256724  0.372416   0.273496 
842   0.096988   0.256256  0.373088   0.273668 
843   0.097028   0.256004  0.373056   0.273912 
844   0.098136   0.255368  0.372648   0.273848 
845   0.098392   0.254584  0.37258   0.274444 
846   0.098568   0.25316  0.372268   0.276004 
847   0.097808   0.253164  0.372064   0.276964 
848   0.09774   0.252752  0.371736   0.277772 
849   0.097296   0.252124  0.371612   0.278968 
850   0.098012   0.250664  0.371208   0.280116 
851   0.0971   0.250636  0.370456   0.281808 
852   0.0989   0.24968  0.369488   0.281932 
